0.759480  0.770656  0.818361  0.899827  0.801735  0.773505  0.916656  0.930474  0.892405  0.879673  0.902126  0.936700  0.927616  0.932809  0.939195  0.917414  0.871524  0.867480  0.859354  0.921264  0.908547  0.760354  
0.697858  0.904989  0.914460  0.965580  0.973553  0.900863  0.958282  0.976232  0.967730  0.942616  0.927588  0.951194  0.948649  0.960622  0.968477  0.939967  0.911355  0.811787  0.721497  0.784657  0.697214  0.542126  
0.950390  0.975614  0.966728  0.978467  0.970658  0.897324  0.969536  0.982508  0.974849  0.964572  0.968627  0.975143  0.977832  0.975961  0.951368  0.890239  0.809628  0.652151  0.458491  0.332061  0.198286  0.037696  
0.757043  0.879154  0.816631  0.831555  0.739714  0.604037  0.633278  0.779411  0.847562  0.859585  0.878995  0.877318  0.858544  0.841946  0.803445  0.689038  0.632478  0.496666  0.358023  0.284197  0.289675  0.138116  
0.616771  0.811587  0.736538  0.801373  0.750109  0.615429  0.586048  0.692387  0.795132  0.787408  0.761566  0.771165  0.733935  0.693099  0.676760  0.595603  0.547214  0.486768  0.320494  0.193828  0.131116  0.038932  
0.539563  0.685825  0.713400  0.824822  0.824655  0.745442  0.796062  0.827934  0.822762  0.779884  0.744501  0.761963  0.767202  0.756572  0.755520  0.721291  0.688328  0.617977  0.456273  0.325694  0.237560  0.088307  
0.365191  0.430337  0.840445  0.949685  0.938757  0.900338  0.932153  0.937253  0.953053  0.978518  0.989059  0.994219  0.996639  0.997176  0.995664  0.995408  0.994437  0.989600  0.975318  0.921089  0.643276  0.267730  
0.417698  0.742157  0.932647  0.940438  0.843272  0.834537  0.759285  0.711752  0.792608  0.878177  0.935974  0.966896  0.979263  0.984881  0.985547  0.977345  0.968345  0.951046  0.904364  0.816270  0.521506  0.169038  
0.284076  0.552532  0.761418  0.797246  0.702528  0.674331  0.702039  0.706612  0.733764  0.780784  0.832466  0.886133  0.911771  0.922543  0.923062  0.888549  0.853508  0.782829  0.630569  0.525095  0.364108  0.146677  
0.341276  0.685742  0.793193  0.839490  0.730902  0.630432  0.691223  0.748482  0.766315  0.821499  0.883517  0.920054  0.937075  0.933691  0.899168  0.830922  0.789597  0.738201  0.621384  0.527449  0.396864  0.172186  
0.355164  0.661758  0.804750  0.847520  0.715338  0.672634  0.634160  0.619185  0.638024  0.702590  0.792028  0.857616  0.887825  0.890870  0.865670  0.791507  0.748813  0.699479  0.584908  0.490981  0.331742  0.120936  
0.273301  0.520081  0.656039  0.770416  0.669613  0.641562  0.654739  0.649437  0.650155  0.689564  0.781434  0.861178  0.899156  0.906692  0.895384  0.834456  0.795667  0.760286  0.653046  0.557742  0.373120  0.128222  
0.223271  0.470832  0.611726  0.660859  0.552920  0.525559  0.542662  0.534594  0.562721  0.622535  0.713117  0.814345  0.876097  0.900917  0.904594  0.857517  0.823464  0.797177  0.716372  0.652084  0.488729  0.207910  
0.225031  0.333662  0.391156  0.438980  0.288090  0.330007  0.296860  0.277211  0.316221  0.365114  0.449712  0.566703  0.665604  0.721598  0.748077  0.685131  0.652853  0.634742  0.543578  0.469865  0.367702  0.175583  
0.037146  0.074789  0.095568  0.118383  0.090189  0.122049  0.143039  0.144205  0.150512  0.167407  0.215872  0.296257  0.377237  0.432303  0.497169  0.450627  0.439457  0.443790  0.375762  0.358660  0.310826  0.162264  
0.036372  0.058899  0.080120  0.107265  0.084411  0.122182  0.124633  0.102706  0.097762  0.109023  0.140647  0.208508  0.281352  0.335447  0.403049  0.365183  0.357953  0.369240  0.321468  0.317290  0.254902  0.113195  
0.028964  0.084487  0.110905  0.146593  0.138720  0.141050  0.124319  0.098773  0.090703  0.101517  0.140849  0.214861  0.286222  0.328414  0.380170  0.329283  0.326829  0.338469  0.297908  0.301878  0.221720  0.075715  
0.041829  0.075035  0.103008  0.129668  0.086003  0.105872  0.082727  0.072971  0.086443  0.101356  0.127940  0.174463  0.218448  0.251347  0.309029  0.258888  0.261996  0.277626  0.243671  0.249294  0.182523  0.056967  
0.022198  0.056226  0.061641  0.072256  0.050514  0.067931  0.058248  0.048923  0.052851  0.062023  0.082206  0.117864  0.149963  0.176716  0.226487  0.190800  0.197232  0.214046  0.196323  0.211474  0.149782  0.044150  
0.012481  0.031033  0.038557  0.049830  0.048002  0.050658  0.052011  0.052428  0.053387  0.056716  0.069780  0.099270  0.124775  0.144727  0.182390  0.153222  0.153762  0.167510  0.155671  0.169567  0.117896  0.030981  
0.007796  0.017959  0.024527  0.030836  0.029705  0.034584  0.030876  0.027239  0.026509  0.029805  0.040434  0.062720  0.078500  0.091042  0.118545  0.100887  0.107537  0.129583  0.127644  0.148244  0.114983  0.039041  
0.022392  0.062281  0.056774  0.056569  0.046524  0.047700  0.030833  0.022781  0.023160  0.026739  0.033957  0.051287  0.069099  0.084411  0.106658  0.082395  0.087777  0.110267  0.117709  0.140818  0.117844  0.042920  
0.013883  0.052427  0.040758  0.040859  0.047637  0.044616  0.028962  0.020559  0.019860  0.022597  0.028671  0.045434  0.064932  0.082453  0.103629  0.078250  0.083019  0.104744  0.113444  0.147375  0.133422  0.043385  
0.008082  0.026582  0.026267  0.030024  0.040163  0.035536  0.026105  0.019090  0.016434  0.018209  0.024720  0.042248  0.060705  0.075977  0.091291  0.066918  0.069610  0.087416  0.096718  0.134351  0.127035  0.039025  
0.007671  0.028539  0.021639  0.021714  0.021135  0.023598  0.027416  0.021165  0.014404  0.015576  0.021941  0.038192  0.053524  0.064221  0.077073  0.057686  0.061995  0.082526  0.092425  0.126526  0.110954  0.035095  
0.007459  0.010629  0.012808  0.010145  0.008179  0.011290  0.009833  0.007829  0.008016  0.008752  0.009393  0.013890  0.020243  0.026178  0.035097  0.030984  0.037441  0.055215  0.068741  0.096974  0.093228  0.033681  
0.006036  0.026243  0.019883  0.015383  0.020171  0.015887  0.014043  0.009860  0.006863  0.006426  0.007707  0.014317  0.023876  0.031862  0.036217  0.024808  0.029619  0.047699  0.071187  0.120496  0.173963  0.068521  
0.005409  0.021787  0.019739  0.024497  0.042707  0.028243  0.024585  0.015611  0.010004  0.010000  0.012955  0.022582  0.032759  0.040724  0.043163  0.033097  0.040641  0.055546  0.076621  0.133550  0.179917  0.058071  
0.006663  0.029712  0.017301  0.020485  0.030568  0.024407  0.024111  0.015427  0.008487  0.008199  0.011191  0.019076  0.027242  0.034239  0.038198  0.026460  0.033468  0.047481  0.070417  0.135960  0.215739  0.070545  
0.002464  0.010507  0.008222  0.012257  0.024514  0.021509  0.017882  0.010630  0.006144  0.005965  0.008687  0.015289  0.018157  0.021312  0.024229  0.016401  0.021225  0.029657  0.043274  0.089729  0.171675  0.063069  
0.002195  0.006888  0.003746  0.006307  0.011414  0.013181  0.009229  0.004791  0.002813  0.002722  0.003581  0.005682  0.005998  0.006668  0.007922  0.005080  0.006919  0.010697  0.016639  0.037117  0.074986  0.036639  
0.001868  0.003865  0.003100  0.004880  0.008838  0.011444  0.007425  0.003669  0.002470  0.002657  0.004099  0.006910  0.007724  0.008897  0.010291  0.006609  0.008171  0.010513  0.015064  0.030383  0.063258  0.052499  
0.001028  0.003116  0.002287  0.004786  0.011007  0.009390  0.006968  0.004721  0.003319  0.002905  0.003544  0.005720  0.005505  0.005823  0.006588  0.004035  0.005029  0.007082  0.010739  0.022242  0.047896  0.037885  
0.002027  0.004373  0.002553  0.005986  0.011459  0.011581  0.007138  0.004370  0.003223  0.002940  0.003430  0.005142  0.005013  0.005499  0.006467  0.003963  0.004998  0.007099  0.009996  0.020521  0.045182  0.037547  
0.001439  0.003642  0.002813  0.005142  0.008275  0.010709  0.007604  0.004243  0.002879  0.002785  0.003835  0.006226  0.006126  0.006760  0.007865  0.004723  0.005650  0.007304  0.010173  0.020459  0.045072  0.044307  
0.002165  0.005203  0.003324  0.006713  0.010606  0.012219  0.009912  0.005490  0.003107  0.002638  0.003335  0.005123  0.004328  0.004214  0.004396  0.002426  0.002931  0.003891  0.005708  0.011983  0.029171  0.027180  
0.001851  0.003322  0.002590  0.006381  0.008746  0.010570  0.008526  0.004825  0.002733  0.002333  0.002882  0.004049  0.003103  0.003013  0.003388  0.002090  0.002853  0.003998  0.005707  0.011510  0.027168  0.032514  
0.001973  0.003026  0.002474  0.007854  0.011285  0.012923  0.010726  0.007499  0.004731  0.004087  0.004754  0.006840  0.005406  0.005275  0.005928  0.003360  0.004156  0.005582  0.007370  0.015480  0.038625  0.035594  
0.002755  0.007129  0.003419  0.006846  0.012106  0.012436  0.007736  0.005770  0.005252  0.004776  0.005418  0.007555  0.005752  0.005560  0.006378  0.003712  0.004536  0.005813  0.008018  0.015649  0.032809  0.038498  
0.001027  0.003642  0.002501  0.005484  0.008671  0.011436  0.007791  0.004750  0.003629  0.003550  0.004414  0.006206  0.004798  0.004638  0.005198  0.003018  0.003818  0.005133  0.007153  0.014160  0.029411  0.041782  
0.001015  0.004618  0.002279  0.005422  0.010408  0.011341  0.008776  0.006155  0.004821  0.004594  0.005435  0.007641  0.006178  0.006189  0.007190  0.004406  0.005673  0.007562  0.009968  0.018295  0.034780  0.045703  
0.001777  0.005773  0.003174  0.008530  0.013449  0.015613  0.009630  0.006262  0.005531  0.006018  0.007554  0.010215  0.008008  0.007600  0.008242  0.004780  0.006174  0.008258  0.011006  0.020123  0.036444  0.047078  
0.000557  0.001792  0.001748  0.004118  0.009522  0.010822  0.007735  0.004830  0.003921  0.004508  0.006445  0.010379  0.010485  0.010662  0.011133  0.006276  0.007334  0.009440  0.012588  0.022050  0.039686  0.048860  
0.000644  0.002155  0.001311  0.003366  0.006821  0.008039  0.006409  0.004616  0.004142  0.004659  0.006342  0.009251  0.009434  0.010531  0.012808  0.008460  0.010793  0.014570  0.018998  0.030469  0.048115  0.050290  
0.000474  0.001146  0.000987  0.002667  0.003407  0.006240  0.005205  0.003533  0.002811  0.003396  0.005401  0.008151  0.007521  0.007751  0.008944  0.005605  0.007376  0.010883  0.015284  0.028493  0.047892  0.043519  
0.000647  0.001843  0.001448  0.002995  0.004389  0.007204  0.007453  0.004961  0.003337  0.003684  0.005126  0.007342  0.007380  0.008059  0.009258  0.006044  0.007499  0.010067  0.013922  0.023374  0.036534  0.042452  
0.000867  0.001836  0.001615  0.003884  0.004691  0.007235  0.006583  0.004750  0.003659  0.004330  0.006515  0.009559  0.009106  0.009443  0.010919  0.007044  0.008972  0.012606  0.017704  0.028804  0.041730  0.037167  
0.006471  0.026855  0.026600  0.051035  0.057132  0.040280  0.025330  0.016432  0.012817  0.014926  0.021501  0.027534  0.023189  0.021576  0.022452  0.014654  0.019867  0.026162  0.035184  0.046144  0.042986  0.029266  
0.007234  0.025081  0.028610  0.054503  0.073343  0.051761  0.034898  0.021165  0.014645  0.016982  0.025478  0.034794  0.031978  0.031694  0.032842  0.021180  0.028161  0.036033  0.049387  0.068484  0.073848  0.045240  
0.005857  0.012989  0.015721  0.040256  0.064927  0.047776  0.020046  0.011846  0.011906  0.015651  0.023263  0.030473  0.026638  0.025602  0.026491  0.017181  0.025238  0.036254  0.053715  0.081277  0.094051  0.050847  
0.012373  0.053589  0.058247  0.102492  0.141143  0.068150  0.028895  0.018861  0.018927  0.024018  0.034314  0.040480  0.030232  0.026789  0.026268  0.018024  0.028107  0.038764  0.054712  0.069080  0.066932  0.052686  
0.186886  0.627011  0.680701  0.614374  0.519536  0.221756  0.091471  0.069817  0.080848  0.106705  0.145975  0.152180  0.125418  0.115936  0.097211  0.064334  0.088329  0.113405  0.141263  0.129649  0.096961  0.054086  
0.345976  0.704073  0.791654  0.661206  0.496034  0.329041  0.144545  0.080191  0.079438  0.109124  0.156321  0.157515  0.147432  0.147995  0.121415  0.087299  0.108786  0.140833  0.192354  0.185857  0.129522  0.077054  
0.256147  0.474148  0.552522  0.486445  0.380423  0.298865  0.168352  0.089349  0.067038  0.075216  0.098777  0.112493  0.125585  0.146124  0.137289  0.105748  0.123436  0.155081  0.215628  0.226813  0.181290  0.090251  
0.151243  0.381785  0.375518  0.272128  0.250384  0.224031  0.149878  0.085483  0.059148  0.060129  0.079946  0.101681  0.134224  0.171672  0.169729  0.120919  0.129056  0.161125  0.226824  0.266538  0.228509  0.074838  
0.157262  0.349223  0.353555  0.259114  0.244911  0.190263  0.103945  0.064823  0.054385  0.056340  0.077279  0.103818  0.131889  0.153637  0.140534  0.101108  0.110582  0.141989  0.194779  0.205867  0.160966  0.051753  
0.076166  0.214128  0.223616  0.213777  0.165660  0.154616  0.080080  0.038858  0.027514  0.026784  0.036033  0.052702  0.073106  0.089150  0.089201  0.066588  0.076735  0.104451  0.150615  0.157775  0.123028  0.040155  
0.057912  0.167177  0.115042  0.137659  0.120680  0.106014  0.095076  0.061248  0.036363  0.032011  0.041150  0.060109  0.090756  0.117515  0.119109  0.091505  0.102282  0.132343  0.180176  0.193956  0.177117  0.066707  
0.052545  0.112754  0.109977  0.146861  0.160025  0.115024  0.088479  0.059482  0.039217  0.033570  0.040183  0.058452  0.085862  0.110094  0.111475  0.085957  0.093936  0.119224  0.155350  0.165061  0.176800  0.077710  
0.314952  0.667466  0.619873  0.625127  0.495795  0.317838  0.275995  0.266239  0.224401  0.226191  0.273089  0.308579  0.332070  0.345267  0.279374  0.200084  0.223022  0.277149  0.334602  0.314231  0.242366  0.085272  
0.786927  0.980082  0.989959  0.977489  0.911435  0.707759  0.640928  0.700099  0.749751  0.838466  0.894432  0.879126  0.837887  0.758931  0.522060  0.340909  0.370277  0.461114  0.522694  0.437266  0.313798  0.168661  
0.907502  0.982280  0.990939  0.964159  0.696998  0.536445  0.538776  0.612822  0.659465  0.792807  0.874423  0.832394  0.773044  0.685390  0.459326  0.340845  0.402466  0.506304  0.555742  0.449634  0.372881  0.223419  
0.930176  0.986144  0.990834  0.955958  0.683881  0.539198  0.582625  0.633240  0.607204  0.702928  0.793405  0.740814  0.672514  0.592989  0.409904  0.323191  0.378849  0.474413  0.524630  0.418484  0.331574  0.194991  
0.942305  0.987529  0.992061  0.952126  0.685294  0.582599  0.605684  0.608102  0.567705  0.669675  0.769414  0.717976  0.666354  0.601038  0.424583  0.335848  0.383666  0.474406  0.523382  0.430798  0.353892  0.205746  
0.928213  0.986336  0.988069  0.920799  0.602366  0.526029  0.461403  0.444734  0.423308  0.531555  0.675100  0.635623  0.585072  0.516166  0.337736  0.257034  0.307501  0.397777  0.451889  0.360227  0.307008  0.174358  
0.889689  0.978221  0.982617  0.906395  0.556080  0.420247  0.327367  0.308842  0.318057  0.407793  0.529945  0.488813  0.444655  0.395523  0.281313  0.225166  0.268619  0.345897  0.396571  0.312773  0.263044  0.153888  
0.884307  0.977920  0.979012  0.876594  0.510162  0.358555  0.239872  0.225923  0.254795  0.329885  0.440940  0.409492  0.372752  0.337859  0.254728  0.208198  0.251511  0.324992  0.376284  0.298891  0.257816  0.151335  
0.878549  0.974817  0.972586  0.846696  0.420944  0.281067  0.230570  0.240362  0.253937  0.316926  0.414562  0.382739  0.347715  0.317337  0.244458  0.199840  0.235972  0.300116  0.351346  0.284853  0.245596  0.144339  
0.838852  0.965443  0.952065  0.755211  0.301120  0.245131  0.219389  0.220540  0.211376  0.249562  0.323880  0.296617  0.271368  0.254594  0.201979  0.164791  0.190954  0.244339  0.298297  0.255493  0.237811  0.167841  
0.798045  0.957780  0.943477  0.778842  0.414337  0.351687  0.285869  0.271599  0.253579  0.296309  0.372169  0.331733  0.297527  0.268126  0.194612  0.163694  0.200034  0.260866  0.313309  0.249272  0.214093  0.131695  
0.796033  0.954851  0.941141  0.758902  0.399604  0.283834  0.213578  0.210428  0.205543  0.234899  0.289206  0.261744  0.240233  0.217231  0.164226  0.134426  0.160774  0.213603  0.260764  0.216035  0.201323  0.112796  
0.792653  0.961695  0.956574  0.840582  0.453227  0.321306  0.244385  0.238771  0.219505  0.251846  0.308374  0.264595  0.222835  0.180606  0.116219  0.096150  0.116419  0.154151  0.190047  0.148821  0.139966  0.102227  
0.847429  0.974191  0.973570  0.901612  0.540750  0.423550  0.301841  0.281402  0.250498  0.273696  0.318235  0.250477  0.190562  0.141180  0.084174  0.070311  0.081500  0.104454  0.125488  0.092446  0.081974  0.060594  
0.812601  0.960403  0.961138  0.838229  0.342375  0.251170  0.223424  0.203815  0.156216  0.177011  0.223373  0.190210  0.159240  0.123965  0.078091  0.064168  0.076479  0.102634  0.134272  0.109966  0.111277  0.086490  
0.855461  0.959295  0.950091  0.765859  0.369767  0.235786  0.168338  0.142083  0.123238  0.137772  0.164447  0.139807  0.126337  0.104995  0.072535  0.061401  0.069451  0.087957  0.112102  0.093572  0.096602  0.082007  
0.823623  0.920691  0.807815  0.412911  0.144416  0.104525  0.111031  0.112117  0.090391  0.090231  0.099813  0.096748  0.102967  0.102553  0.094591  0.082758  0.092373  0.122533  0.170441  0.183870  0.201692  0.090783  
0.335817  0.590026  0.285151  0.133091  0.068726  0.063951  0.074396  0.070226  0.059519  0.059264  0.063336  0.066307  0.077245  0.079469  0.073710  0.063011  0.069868  0.092068  0.142413  0.174339  0.198920  0.100050  
0.307039  0.426531  0.350439  0.360741  0.187321  0.147592  0.145838  0.128761  0.115308  0.122754  0.124990  0.116769  0.128209  0.120907  0.105299  0.098098  0.122745  0.161703  0.223542  0.240738  0.238854  0.114727  
0.291634  0.436434  0.421653  0.409609  0.209876  0.182259  0.176999  0.159507  0.139585  0.152765  0.166671  0.156312  0.160666  0.145841  0.123857  0.111719  0.138972  0.184741  0.252535  0.250424  0.232903  0.123108  
0.253579  0.418553  0.415981  0.370597  0.231889  0.193930  0.215899  0.170343  0.118412  0.126986  0.143794  0.140562  0.154505  0.143542  0.121040  0.108827  0.130287  0.168328  0.227643  0.230525  0.228444  0.125175  
0.359451  0.546632  0.523299  0.489579  0.309507  0.227025  0.238244  0.196157  0.152124  0.174943  0.191861  0.176167  0.185857  0.173403  0.150420  0.138961  0.165117  0.205806  0.267363  0.265422  0.264429  0.142948  
0.441229  0.626665  0.505598  0.391238  0.251059  0.186110  0.186172  0.165047  0.138818  0.160016  0.183019  0.174701  0.184741  0.175195  0.156827  0.145470  0.172073  0.212649  0.277487  0.282725  0.280732  0.151612  
0.246970  0.477484  0.418173  0.373096  0.294509  0.230273  0.189832  0.149027  0.129756  0.147644  0.173790  0.178959  0.201429  0.204088  0.195982  0.184074  0.216085  0.265155  0.330555  0.313119  0.276148  0.134220  
0.230828  0.321125  0.424496  0.391156  0.260390  0.214913  0.216899  0.153772  0.115352  0.146561  0.194200  0.212359  0.253916  0.253912  0.233086  0.233009  0.266468  0.304457  0.350750  0.303413  0.221336  0.107944  
0.236010  0.361318  0.232770  0.133524  0.056045  0.061345  0.095395  0.111706  0.102146  0.119892  0.158231  0.186832  0.225298  0.259136  0.284456  0.300176  0.338658  0.386858  0.449189  0.397893  0.292546  0.122943  
0.208186  0.270528  0.261420  0.239491  0.121324  0.091512  0.120824  0.150322  0.153019  0.174214  0.194653  0.216031  0.258364  0.271811  0.267367  0.233577  0.233690  0.264229  0.291331  0.263832  0.226313  0.107275  
0.226540  0.304765  0.304037  0.236608  0.144948  0.123954  0.160269  0.171306  0.148819  0.156447  0.169835  0.182059  0.218946  0.231411  0.222808  0.185039  0.183669  0.216357  0.247167  0.229935  0.207228  0.097308  
0.289948  0.482566  0.439188  0.358284  0.200858  0.136134  0.181108  0.206260  0.186896  0.205028  0.222777  0.228747  0.262619  0.268786  0.252209  0.207898  0.208203  0.244597  0.280794  0.266780  0.244510  0.109969  
0.302045  0.469851  0.478083  0.420927  0.227629  0.146585  0.176549  0.196944  0.184548  0.216799  0.249157  0.255329  0.282970  0.279765  0.255162  0.210353  0.214648  0.251119  0.283075  0.264170  0.241780  0.119618  
0.478247  0.804833  0.800171  0.656361  0.399984  0.315446  0.295333  0.294541  0.274310  0.310674  0.346548  0.321980  0.318708  0.308736  0.280255  0.231494  0.249788  0.302297  0.331267  0.278401  0.252741  0.145139  
0.473169  0.787676  0.764823  0.603365  0.295866  0.224969  0.241096  0.260560  0.242630  0.276206  0.313857  0.289167  0.286065  0.276741  0.255087  0.218895  0.249456  0.311237  0.350451  0.294482  0.259083  0.138587  
0.679409  0.896371  0.890045  0.790923  0.587755  0.475474  0.394130  0.359862  0.329912  0.369853  0.417175  0.375256  0.347699  0.324262  0.286943  0.248027  0.273613  0.325352  0.353516  0.297376  0.252104  0.131614  
0.725835  0.923032  0.929900  0.837499  0.511306  0.394038  0.363212  0.338859  0.289406  0.350700  0.420521  0.369240  0.327634  0.295558  0.249725  0.216798  0.239844  0.279612  0.300730  0.241167  0.200319  0.112265  
0.820080  0.946545  0.939818  0.824458  0.361591  0.264060  0.269876  0.291534  0.273460  0.353375  0.433174  0.368678  0.313111  0.276089  0.222258  0.190801  0.209693  0.243276  0.266348  0.222370  0.196165  0.127637  
0.846211  0.939759  0.879881  0.563823  0.210963  0.124010  0.148819  0.161344  0.135226  0.152459  0.181205  0.160517  0.159314  0.152268  0.131753  0.121464  0.133684  0.157418  0.183873  0.160816  0.131634  0.071641  
0.651619  0.854660  0.640399  0.247279  0.128646  0.101590  0.110011  0.105994  0.093906  0.090840  0.096566  0.093756  0.108361  0.115755  0.114107  0.110558  0.117744  0.141547  0.175726  0.161513  0.122861  0.059715  
0.484677  0.657337  0.419429  0.184718  0.095896  0.124835  0.127291  0.119756  0.124747  0.132689  0.150925  0.165298  0.215840  0.276556  0.323807  0.369233  0.396060  0.431540  0.463013  0.383522  0.214131  0.082989  
0.461636  0.479045  0.298121  0.150259  0.106602  0.110410  0.135848  0.131779  0.134342  0.153063  0.196126  0.253939  0.364101  0.500971  0.618387  0.715449  0.757060  0.780597  0.786583  0.707190  0.409327  0.134425  
0.142109  0.146569  0.141415  0.141724  0.119011  0.152713  0.211779  0.219987  0.241464  0.293638  0.375011  0.484072  0.660916  0.835404  0.920384  0.959648  0.969632  0.970827  0.966900  0.937826  0.697173  0.237571  
0.108301  0.098947  0.085477  0.134918  0.113789  0.160743  0.196696  0.279138  0.380677  0.414261  0.448435  0.544999  0.714847  0.890068  0.957774  0.979723  0.984812  0.985776  0.982598  0.960858  0.770735  0.293868  
0.075042  0.070642  0.075315  0.125113  0.116575  0.121089  0.187952  0.252659  0.291332  0.317209  0.377176  0.517027  0.728183  0.893451  0.951679  0.971255  0.974868  0.974878  0.968278  0.935031  0.703054  0.267173  
0.081242  0.076702  0.082732  0.100444  0.107264  0.122831  0.157724  0.190342  0.244864  0.301217  0.418399  0.596321  0.802558  0.929784  0.969877  0.981910  0.983571  0.983301  0.978787  0.955169  0.749997  0.311502  
0.060489  0.049793  0.089394  0.111071  0.108231  0.129438  0.160610  0.220333  0.321696  0.401354  0.534050  0.721747  0.890032  0.970123  0.989199  0.994047  0.994456  0.994009  0.991515  0.977924  0.816338  0.347267  
0.074142  0.051831  0.046831  0.065051  0.050224  0.042376  0.068886  0.128221  0.166267  0.177444  0.248761  0.447607  0.699939  0.886978  0.944886  0.951657  0.942754  0.938730  0.921461  0.857832  0.583915  0.231003  
0.120645  0.218325  0.158727  0.185566  0.118515  0.086220  0.128934  0.188104  0.181418  0.168516  0.197373  0.262077  0.351787  0.454556  0.512366  0.474489  0.468212  0.500549  0.506469  0.438061  0.307794  0.162379  
0.178504  0.258145  0.293307  0.284950  0.160835  0.145370  0.173027  0.183468  0.155847  0.166614  0.210053  0.246757  0.298641  0.331621  0.324870  0.260779  0.244578  0.268808  0.288406  0.251810  0.201139  0.126908  
0.251377  0.457155  0.503708  0.420286  0.267592  0.164546  0.174996  0.182654  0.158447  0.178305  0.235987  0.271801  0.315109  0.330363  0.309964  0.247281  0.239652  0.268475  0.289516  0.249379  0.191608  0.111586  
0.458548  0.768112  0.790223  0.671470  0.432819  0.247738  0.229958  0.233093  0.223980  0.285629  0.381242  0.399964  0.422585  0.404262  0.345649  0.265796  0.267066  0.302190  0.321904  0.260773  0.187373  0.110175  
0.635512  0.905890  0.921002  0.809131  0.523752  0.405082  0.361471  0.344753  0.336243  0.429764  0.531787  0.500664  0.477669  0.432780  0.338448  0.255051  0.256629  0.292529  0.306171  0.239666  0.188482  0.137992  
0.749348  0.933670  0.937661  0.815632  0.491354  0.367412  0.291561  0.298348  0.337056  0.443244  0.547867  0.498382  0.453200  0.410889  0.336627  0.271467  0.293029  0.341278  0.350987  0.257348  0.189483  0.126043  
0.794050  0.948454  0.942116  0.736034  0.354725  0.264207  0.269376  0.275109  0.271092  0.374881  0.510988  0.489967  0.462274  0.421145  0.337679  0.265007  0.281415  0.324192  0.340840  0.261906  0.200135  0.132508  
0.809272  0.960031  0.961497  0.801656  0.388031  0.326640  0.329741  0.345335  0.364270  0.485011  0.615745  0.588303  0.536440  0.484299  0.412541  0.321114  0.335730  0.388843  0.414921  0.329617  0.237109  0.147761  
0.692810  0.913472  0.900294  0.653221  0.287769  0.227429  0.196924  0.206039  0.259244  0.387633  0.526319  0.515713  0.496052  0.450891  0.357534  0.271371  0.286600  0.332236  0.362095  0.298565  0.231028  0.146087  
0.630862  0.885929  0.891064  0.584532  0.305050  0.275867  0.275496  0.232918  0.222946  0.316697  0.431416  0.425161  0.428241  0.395074  0.315715  0.231804  0.232808  0.266926  0.290291  0.238390  0.185716  0.120284  
0.585115  0.880300  0.835383  0.520044  0.204762  0.217081  0.192593  0.218265  0.280035  0.375162  0.474798  0.456213  0.422691  0.394239  0.341692  0.254879  0.263432  0.314318  0.348321  0.293395  0.223968  0.132060  
0.371986  0.795567  0.775669  0.516942  0.155611  0.213066  0.219295  0.214152  0.208358  0.248766  0.314496  0.309215  0.278192  0.256992  0.246768  0.207892  0.223764  0.271874  0.311076  0.245428  0.153116  0.076697  
0.414840  0.743481  0.763937  0.517280  0.202637  0.222705  0.215717  0.184171  0.158220  0.196444  0.275971  0.306072  0.321609  0.306432  0.275733  0.191365  0.171734  0.194983  0.216970  0.179835  0.134670  0.075885  
0.365491  0.633294  0.616584  0.455922  0.192617  0.140583  0.142529  0.131514  0.119517  0.150524  0.210872  0.246488  0.278893  0.279679  0.264604  0.191095  0.185082  0.216393  0.242447  0.211539  0.165318  0.084210  
0.441583  0.678030  0.660099  0.444391  0.199191  0.132751  0.159102  0.155397  0.132325  0.160615  0.219785  0.254792  0.290616  0.300964  0.295747  0.225082  0.220330  0.255529  0.279917  0.258357  0.214025  0.095279  
0.359316  0.812635  0.815056  0.625452  0.319838  0.301139  0.290084  0.271478  0.266748  0.356200  0.476125  0.489615  0.482518  0.449457  0.375125  0.267316  0.278958  0.341062  0.377935  0.330135  0.265888  0.129625  
0.626031  0.906398  0.900904  0.779922  0.409608  0.324891  0.301929  0.349169  0.420517  0.536847  0.629061  0.598241  0.549906  0.516284  0.461734  0.358483  0.367937  0.424309  0.449913  0.394503  0.337330  0.158590  
0.801180  0.981275  0.987211  0.964191  0.868416  0.812652  0.710640  0.696376  0.738407  0.806143  0.853540  0.810210  0.737831  0.676071  0.558206  0.438069  0.460227  0.526679  0.542639  0.467166  0.370013  0.173176  
0.863447  0.986336  0.989446  0.957387  0.809868  0.770894  0.660151  0.626129  0.645295  0.731138  0.800301  0.746830  0.651438  0.598697  0.521460  0.410629  0.428282  0.499702  0.523852  0.451909  0.361022  0.182246  
0.904189  0.987999  0.989371  0.955055  0.845549  0.829834  0.767202  0.692380  0.617696  0.630010  0.686024  0.622654  0.552000  0.528560  0.476463  0.396938  0.408217  0.456570  0.469432  0.415643  0.332170  0.161067  
0.887982  0.984099  0.984561  0.937602  0.843498  0.846932  0.772504  0.685355  0.616007  0.621549  0.657708  0.586152  0.509195  0.480222  0.414968  0.339789  0.344800  0.384696  0.403506  0.368031  0.303297  0.148843  
0.881572  0.986591  0.990880  0.968662  0.928766  0.918294  0.868841  0.803906  0.749615  0.744219  0.770645  0.706950  0.632091  0.591828  0.520074  0.430808  0.451364  0.506185  0.520486  0.453672  0.336099  0.153969  
0.916979  0.987065  0.990008  0.968027  0.936407  0.940896  0.910729  0.871880  0.828759  0.812434  0.818416  0.749166  0.671228  0.628446  0.550017  0.463994  0.477027  0.527448  0.534064  0.449201  0.322594  0.145151  
0.916739  0.988566  0.993970  0.979212  0.955235  0.959476  0.938083  0.895298  0.834197  0.780310  0.761320  0.668254  0.586918  0.557814  0.517974  0.440164  0.449907  0.497348  0.496986  0.416233  0.298411  0.137796  
0.932346  0.985102  0.987493  0.959231  0.906033  0.926325  0.913006  0.874467  0.791933  0.705525  0.658405  0.546064  0.473277  0.477380  0.458934  0.414953  0.440515  0.497074  0.499974  0.409304  0.309563  0.165657  
0.926169  0.989150  0.993168  0.973841  0.935835  0.947543  0.927037  0.886569  0.827110  0.795991  0.795513  0.712078  0.628489  0.585055  0.491047  0.398318  0.415541  0.473131  0.481993  0.402007  0.319208  0.187823  
0.938273  0.990881  0.994029  0.973255  0.925688  0.939126  0.913567  0.873260  0.823665  0.791810  0.777202  0.673709  0.568093  0.529200  0.487373  0.409791  0.412161  0.460598  0.463102  0.387400  0.292971  0.154636  
0.939964  0.986723  0.988219  0.955169  0.865756  0.901454  0.883981  0.848105  0.774373  0.702925  0.674140  0.563176  0.472726  0.463589  0.452564  0.407477  0.433660  0.490875  0.497437  0.403820  0.295900  0.152490  
0.934353  0.985734  0.984827  0.944027  0.863686  0.878024  0.859130  0.807536  0.688377  0.601413  0.589129  0.503891  0.438230  0.438013  0.418875  0.373545  0.401156  0.454767  0.463364  0.376083  0.291966  0.169752  
0.929163  0.986200  0.986624  0.944809  0.860057  0.888566  0.877031  0.814514  0.674985  0.586648  0.575849  0.485186  0.428091  0.415197  0.363844  0.307555  0.311644  0.344464  0.349075  0.289321  0.238055  0.148927  
0.928663  0.977306  0.980588  0.931625  0.837034  0.854302  0.838510  0.773922  0.657030  0.590644  0.572759  0.481038  0.423844  0.424370  0.417884  0.379718  0.409095  0.464340  0.472933  0.375491  0.283182  0.170574  
0.919765  0.976048  0.971867  0.876552  0.701909  0.680394  0.709892  0.642634  0.499512  0.457111  0.465101  0.398993  0.367771  0.368787  0.348640  0.310369  0.322410  0.360280  0.371797  0.314204  0.266854  0.171333  
0.928447  0.983311  0.976699  0.890869  0.713518  0.644159  0.607888  0.571591  0.481143  0.467907  0.493294  0.425702  0.359439  0.350916  0.342913  0.303449  0.320183  0.363130  0.373316  0.302901  0.250905  0.163339  
0.916389  0.975551  0.969916  0.829318  0.550479  0.499704  0.413017  0.350358  0.330615  0.384963  0.454798  0.398757  0.354816  0.354152  0.344689  0.308582  0.338286  0.385994  0.402973  0.334226  0.282621  0.201753  
0.917678  0.974693  0.961557  0.773789  0.437790  0.373794  0.298473  0.259974  0.250478  0.301701  0.375965  0.335521  0.299223  0.300443  0.297723  0.262399  0.282973  0.322677  0.342758  0.295320  0.271997  0.209293  
0.875740  0.964316  0.938376  0.685277  0.343084  0.305672  0.299592  0.254223  0.209225  0.254219  0.329934  0.304905  0.283383  0.284589  0.272747  0.240952  0.257086  0.289608  0.316429  0.282008  0.265829  0.219067  
0.900525  0.957853  0.933864  0.690546  0.333199  0.277212  0.251739  0.209453  0.176632  0.227110  0.299290  0.274319  0.252337  0.249744  0.240760  0.212525  0.222966  0.246538  0.266035  0.236208  0.234753  0.205319  
0.880570  0.946872  0.896361  0.539919  0.306534  0.212551  0.211063  0.162339  0.126289  0.165098  0.226007  0.220791  0.230567  0.238557  0.228265  0.207425  0.217443  0.235728  0.258287  0.242407  0.239955  0.184308  
0.836571  0.951191  0.900220  0.566257  0.385443  0.304946  0.232446  0.197708  0.209525  0.245784  0.272280  0.240366  0.221668  0.227532  0.239887  0.217403  0.232347  0.267882  0.304801  0.289018  0.277247  0.214527  
0.742654  0.906603  0.837383  0.512098  0.334619  0.292885  0.217590  0.195903  0.241209  0.323693  0.386215  0.348414  0.325196  0.309171  0.264825  0.221170  0.241973  0.283050  0.330642  0.307796  0.291451  0.220811  
0.754046  0.912744  0.892238  0.660895  0.401382  0.429682  0.337201  0.294233  0.335258  0.447881  0.530530  0.467129  0.410133  0.370241  0.296162  0.234211  0.260441  0.315674  0.363842  0.315707  0.289407  0.233108  
0.750308  0.871152  0.658547  0.261571  0.128986  0.132700  0.122951  0.140909  0.174042  0.248641  0.331593  0.314111  0.296181  0.281898  0.232315  0.182052  0.187440  0.214362  0.259439  0.259474  0.278198  0.205454  
0.616958  0.779288  0.573661  0.276652  0.193094  0.182312  0.167538  0.172722  0.190471  0.248305  0.307736  0.301807  0.301571  0.295422  0.253155  0.196525  0.194257  0.221167  0.263026  0.269379  0.293724  0.220213  
0.635929  0.856324  0.775506  0.517792  0.377089  0.330058  0.319273  0.318342  0.295774  0.337450  0.389770  0.373984  0.344177  0.330526  0.303944  0.235232  0.234614  0.276261  0.314409  0.293271  0.289336  0.218927  
0.631991  0.867983  0.815463  0.556822  0.374423  0.331724  0.305073  0.301483  0.314883  0.427443  0.542120  0.532439  0.498463  0.456544  0.364417  0.278575  0.291253  0.339514  0.378416  0.334173  0.298387  0.204596  
0.693378  0.865141  0.831541  0.579080  0.359924  0.331764  0.319190  0.322947  0.350849  0.504643  0.631995  0.614132  0.583272  0.523730  0.383222  0.281585  0.284925  0.322106  0.357710  0.314636  0.282340  0.191152  
0.729730  0.887835  0.857310  0.655973  0.498204  0.425030  0.308164  0.298158  0.373105  0.531178  0.652151  0.634229  0.599705  0.543851  0.409857  0.299590  0.299015  0.335383  0.371067  0.328961  0.293918  0.196709  
0.624830  0.849573  0.780433  0.464980  0.296209  0.345032  0.270603  0.243761  0.282157  0.416192  0.559900  0.559392  0.537685  0.498462  0.392293  0.275088  0.268168  0.310562  0.360124  0.341989  0.304287  0.195506  
0.638141  0.857622  0.800569  0.527030  0.386927  0.407741  0.320557  0.269161  0.271740  0.388445  0.542886  0.567127  0.555719  0.519466  0.420277  0.291213  0.277668  0.319613  0.366571  0.344031  0.293182  0.181132  
0.621917  0.809286  0.704281  0.464760  0.397192  0.347737  0.238837  0.217562  0.275827  0.396123  0.524185  0.544752  0.550989  0.521458  0.424580  0.304739  0.296182  0.338815  0.383750  0.364138  0.314811  0.186146  
0.501663  0.669565  0.586514  0.329315  0.292907  0.347478  0.218721  0.164369  0.196921  0.283825  0.393727  0.409355  0.415203  0.404635  0.352900  0.243330  0.228740  0.267090  0.311737  0.312415  0.284947  0.175946  
0.443256  0.497943  0.356721  0.207860  0.196255  0.174736  0.156378  0.158171  0.175876  0.222530  0.273325  0.289005  0.298838  0.300138  0.285656  0.209389  0.190626  0.216709  0.251928  0.267644  0.266365  0.151440  
0.413145  0.469117  0.370367  0.215525  0.173704  0.192576  0.173207  0.170075  0.187722  0.239235  0.291027  0.293480  0.291597  0.286947  0.263134  0.192440  0.177321  0.202131  0.236230  0.251248  0.265328  0.156526  
0.446869  0.517020  0.393393  0.226815  0.205346  0.199323  0.181409  0.183634  0.197766  0.229395  0.260599  0.257751  0.252399  0.254605  0.254023  0.197742  0.189396  0.220681  0.255393  0.270098  0.281618  0.157430  
0.225202  0.290422  0.163759  0.085411  0.106343  0.128915  0.122527  0.103487  0.100475  0.116817  0.145214  0.159329  0.177563  0.194255  0.203675  0.159459  0.153941  0.182392  0.227468  0.267612  0.301477  0.172241  
0.146748  0.186139  0.118450  0.073248  0.112347  0.144921  0.143847  0.112484  0.098640  0.105779  0.118606  0.124881  0.137525  0.152498  0.168385  0.138034  0.135458  0.163172  0.204440  0.249619  0.296409  0.170736  
0.158163  0.282554  0.165778  0.101266  0.129231  0.145895  0.137472  0.121695  0.116908  0.128127  0.146687  0.154733  0.159218  0.168698  0.184665  0.149712  0.155856  0.195353  0.245021  0.291933  0.324791  0.169820  
0.124032  0.269471  0.203940  0.125492  0.170591  0.164162  0.137213  0.114775  0.109522  0.123331  0.145138  0.156096  0.154332  0.155342  0.165347  0.128967  0.134440  0.171577  0.217225  0.263969  0.299204  0.161490  
0.298002  0.511510  0.378244  0.327264  0.455542  0.384141  0.247981  0.197485  0.204558  0.224195  0.253498  0.253891  0.248546  0.238639  0.220137  0.174808  0.195639  0.240233  0.284704  0.309955  0.324033  0.158465  
0.370406  0.641653  0.534281  0.428417  0.526144  0.442669  0.296196  0.220112  0.216665  0.251697  0.297174  0.294468  0.285554  0.262313  0.225844  0.165492  0.178072  0.217021  0.261363  0.290474  0.300895  0.147460  
0.493163  0.772189  0.724973  0.638525  0.774498  0.716468  0.527034  0.359669  0.306331  0.324968  0.354451  0.333483  0.306480  0.281730  0.253854  0.189269  0.195781  0.236288  0.277830  0.307114  0.307929  0.157011  
0.486145  0.769441  0.662721  0.592664  0.777643  0.702242  0.523896  0.401882  0.367329  0.380875  0.413703  0.399923  0.375266  0.336164  0.267739  0.193055  0.200744  0.239794  0.284406  0.315251  0.322984  0.157511  
0.433971  0.729978  0.686698  0.737610  0.895463  0.816551  0.610405  0.427520  0.359874  0.374034  0.423010  0.418014  0.398417  0.350896  0.273418  0.193170  0.198221  0.231267  0.272201  0.308529  0.308568  0.141874  
0.576744  0.835181  0.813421  0.823888  0.875457  0.844527  0.703213  0.551666  0.464977  0.448907  0.467888  0.411283  0.352776  0.307695  0.259908  0.203543  0.211245  0.243932  0.275353  0.291121  0.253619  0.099241  
0.673604  0.846486  0.745852  0.665605  0.762559  0.744148  0.556488  0.415071  0.359326  0.332335  0.341041  0.293941  0.258966  0.237608  0.211157  0.170949  0.176128  0.202456  0.230427  0.243457  0.217358  0.083209  
0.740034  0.836382  0.724163  0.615662  0.697552  0.715100  0.605565  0.461621  0.340573  0.297621  0.300775  0.261114  0.233038  0.221273  0.208304  0.176125  0.184608  0.212858  0.247331  0.260356  0.232212  0.090555  
0.595922  0.760120  0.558503  0.476571  0.631248  0.625072  0.532735  0.404071  0.277004  0.233237  0.240047  0.225668  0.211672  0.206385  0.197827  0.163428  0.170354  0.198455  0.237115  0.258478  0.242328  0.096456  
0.477405  0.694736  0.498448  0.449049  0.633732  0.613013  0.490062  0.322467  0.203185  0.183178  0.202098  0.201505  0.200156  0.196053  0.183203  0.149629  0.150593  0.170454  0.207409  0.238373  0.240711  0.101672  
0.440557  0.645146  0.397235  0.369066  0.614033  0.524142  0.336398  0.224100  0.183404  0.171661  0.181294  0.177505  0.176331  0.177011  0.177186  0.151534  0.162373  0.191415  0.229597  0.256604  0.256760  0.104117  
0.480871  0.619938  0.435971  0.394517  0.543848  0.494133  0.358416  0.222854  0.153955  0.156583  0.183428  0.182758  0.181585  0.176405  0.168356  0.141263  0.151670  0.178262  0.219044  0.245799  0.246696  0.106200  
0.452845  0.658718  0.425530  0.325217  0.505156  0.456107  0.334072  0.220404  0.159346  0.156865  0.178043  0.176782  0.175792  0.173201  0.167789  0.140072  0.149432  0.178109  0.218461  0.240265  0.241410  0.103786  
0.434561  0.655698  0.463030  0.345249  0.467623  0.476160  0.349426  0.218995  0.156994  0.167372  0.197946  0.186743  0.177084  0.168378  0.152720  0.125534  0.136054  0.165519  0.204546  0.222445  0.229269  0.104488  
0.439005  0.588473  0.419941  0.310541  0.376818  0.353227  0.243781  0.169076  0.148828  0.168307  0.189894  0.172301  0.161301  0.158515  0.157056  0.141031  0.157639  0.187453  0.224701  0.237786  0.247790  0.111525  
0.565597  0.620168  0.450962  0.260587  0.370690  0.367866  0.252864  0.164234  0.131968  0.138150  0.146515  0.134727  0.127162  0.131121  0.146857  0.133765  0.142334  0.165290  0.197798  0.218885  0.227157  0.098268  
0.476438  0.642188  0.466887  0.359129  0.426945  0.385055  0.281533  0.210729  0.182537  0.211610  0.237840  0.215390  0.190741  0.176655  0.159490  0.135222  0.149523  0.177730  0.213292  0.224153  0.227590  0.100443  
0.550585  0.678630  0.444123  0.282968  0.306386  0.279813  0.177064  0.155697  0.178789  0.203749  0.213543  0.182690  0.153791  0.148365  0.154113  0.135174  0.151160  0.184865  0.222926  0.240109  0.246923  0.104883  
0.599023  0.681229  0.562180  0.353839  0.327669  0.325426  0.219411  0.157575  0.145233  0.170336  0.190764  0.165525  0.140789  0.135426  0.143860  0.125076  0.138531  0.168649  0.203985  0.222349  0.230034  0.107302  
0.550905  0.677655  0.464206  0.233503  0.226718  0.219024  0.172543  0.134755  0.123668  0.139880  0.154422  0.138883  0.127291  0.126764  0.135438  0.117870  0.128800  0.157367  0.194806  0.219729  0.234522  0.108734  
0.421743  0.528787  0.418271  0.211800  0.230851  0.233700  0.191573  0.126847  0.101384  0.116459  0.130329  0.118726  0.115148  0.116285  0.123457  0.108827  0.115025  0.133585  0.163246  0.181072  0.202696  0.104971  
0.544654  0.541336  0.345512  0.164079  0.153842  0.157759  0.124340  0.109352  0.115628  0.131324  0.133704  0.113912  0.100251  0.101263  0.115436  0.108842  0.117856  0.138016  0.170760  0.193181  0.221312  0.108684  
0.540445  0.510742  0.324444  0.155480  0.154538  0.144242  0.128900  0.115365  0.109842  0.122308  0.128478  0.114269  0.103188  0.102968  0.113796  0.106773  0.116275  0.136777  0.170723  0.198619  0.229672  0.106847  
0.505852  0.542821  0.354904  0.186275  0.223610  0.163021  0.115546  0.107843  0.120960  0.134303  0.138233  0.122961  0.108054  0.106285  0.119030  0.113616  0.127373  0.151245  0.185797  0.210580  0.243013  0.112642  
0.414710  0.481053  0.309650  0.121197  0.188575  0.166230  0.134626  0.101777  0.088528  0.094203  0.098971  0.093562  0.091453  0.093083  0.100634  0.091499  0.094741  0.109021  0.138760  0.169540  0.212015  0.106657  
0.440110  0.444796  0.233125  0.081232  0.112768  0.112258  0.093324  0.084464  0.086448  0.091458  0.091364  0.084506  0.080084  0.084180  0.098641  0.094713  0.099217  0.114189  0.147084  0.184834  0.236210  0.118690  
0.303937  0.327334  0.115220  0.039974  0.061938  0.079246  0.083155  0.081608  0.077221  0.075545  0.071417  0.066049  0.063424  0.071194  0.091467  0.094420  0.102769  0.121548  0.160911  0.211156  0.269978  0.129072  
0.250007  0.229971  0.154935  0.098024  0.131831  0.123571  0.106838  0.087231  0.076771  0.084709  0.090213  0.087267  0.084132  0.084668  0.094330  0.092952  0.104727  0.124234  0.162265  0.203350  0.260205  0.132981  
0.144769  0.162101  0.133880  0.094274  0.105128  0.094807  0.079120  0.063441  0.059491  0.069087  0.072440  0.070396  0.068854  0.069975  0.079333  0.079299  0.089567  0.104116  0.134923  0.173419  0.241738  0.133495  
0.139407  0.170726  0.116085  0.094957  0.098227  0.089291  0.070344  0.066508  0.073629  0.080445  0.077713  0.072873  0.067752  0.069937  0.083991  0.086191  0.101149  0.120342  0.155052  0.197036  0.270624  0.147903  
0.128989  0.122710  0.079331  0.053694  0.091036  0.077217  0.045576  0.036640  0.043431  0.049612  0.052129  0.053046  0.052153  0.052915  0.058437  0.052432  0.057718  0.068429  0.094175  0.130956  0.213534  0.129001  
0.055167  0.087347  0.043451  0.029609  0.057575  0.053206  0.039028  0.036011  0.040697  0.041982  0.040835  0.041766  0.039963  0.041517  0.049211  0.045546  0.050852  0.062972  0.089063  0.129476  0.219534  0.130759  
0.053430  0.058841  0.036191  0.025435  0.037727  0.037176  0.031765  0.031402  0.034442  0.037108  0.037351  0.038120  0.035935  0.036151  0.041758  0.040439  0.046482  0.058630  0.085451  0.124767  0.216912  0.131634  
0.030657  0.045857  0.027448  0.017956  0.029375  0.031072  0.027748  0.026740  0.028233  0.030151  0.029936  0.031165  0.030323  0.030928  0.035255  0.033869  0.038847  0.050421  0.076032  0.115021  0.204454  0.132858  
0.060449  0.049291  0.031294  0.013969  0.020843  0.026515  0.023232  0.022295  0.023725  0.026636  0.028087  0.028999  0.026960  0.026065  0.028619  0.026682  0.030147  0.039503  0.061816  0.097744  0.182211  0.128001  
0.039703  0.046857  0.027215  0.010439  0.016555  0.024944  0.026828  0.026489  0.024773  0.024943  0.025052  0.025600  0.023549  0.023624  0.027434  0.027494  0.032719  0.045492  0.075017  0.117319  0.205582  0.139147  
0.032574  0.025001  0.022681  0.012905  0.017002  0.020913  0.023936  0.021142  0.017211  0.018708  0.019785  0.021281  0.021875  0.022124  0.024271  0.024205  0.028035  0.036688  0.057803  0.091141  0.176786  0.129374  
0.041985  0.024229  0.017513  0.012041  0.014542  0.018670  0.023075  0.022397  0.018038  0.018549  0.018123  0.018833  0.018404  0.018649  0.020937  0.021119  0.025009  0.033616  0.054671  0.088297  0.168241  0.117504  
0.042966  0.032974  0.015068  0.007633  0.016131  0.020877  0.019933  0.017263  0.014943  0.014019  0.013222  0.014289  0.014787  0.016477  0.020202  0.020821  0.025304  0.035713  0.060298  0.101830  0.192115  0.121806  
0.012057  0.015787  0.010335  0.006298  0.012230  0.016421  0.021504  0.017268  0.011844  0.011573  0.011432  0.013084  0.014331  0.015465  0.017477  0.017019  0.019743  0.027713  0.047486  0.085589  0.168528  0.118273  
0.010541  0.011171  0.008741  0.008360  0.017220  0.014549  0.013783  0.013259  0.013130  0.013604  0.012917  0.014240  0.014587  0.014972  0.017239  0.017744  0.022189  0.032073  0.052785  0.093249  0.181442  0.126345  
0.029795  0.016090  0.009244  0.007363  0.011232  0.014114  0.016695  0.016418  0.013919  0.013945  0.013468  0.013733  0.012736  0.012689  0.014723  0.015378  0.019470  0.028013  0.046707  0.084455  0.163110  0.118288  
0.026639  0.019148  0.012116  0.006883  0.010467  0.010231  0.015183  0.017188  0.013893  0.013776  0.014258  0.015115  0.014007  0.013834  0.017171  0.020090  0.026346  0.036336  0.057712  0.099479  0.187891  0.122347  
0.009921  0.012165  0.009052  0.007245  0.011355  0.009744  0.013517  0.012662  0.009774  0.010446  0.011073  0.012177  0.012924  0.013020  0.014469  0.015445  0.019459  0.026696  0.043144  0.078380  0.159844  0.118575  
0.012945  0.009816  0.006671  0.007196  0.009851  0.009383  0.011000  0.012003  0.011627  0.012512  0.012317  0.012647  0.012264  0.012328  0.014364  0.015900  0.020829  0.029639  0.047826  0.086456  0.174339  0.130023  
0.035890  0.012283  0.007492  0.009196  0.012980  0.009191  0.010910  0.012200  0.010982  0.011730  0.011974  0.012458  0.012166  0.012053  0.014229  0.017111  0.023836  0.033901  0.052048  0.091804  0.178564  0.124178  
0.033723  0.017422  0.008420  0.007466  0.015956  0.010812  0.012827  0.013031  0.010697  0.010604  0.010233  0.010897  0.011628  0.011896  0.013473  0.014726  0.019113  0.027465  0.043024  0.080092  0.158316  0.113919  
0.040741  0.012581  0.006211  0.007505  0.011471  0.011289  0.016475  0.016237  0.011196  0.010937  0.010302  0.010030  0.010089  0.010555  0.012984  0.015888  0.022042  0.031652  0.048736  0.086421  0.162977  0.110997  
0.010234  0.007770  0.005567  0.005123  0.011432  0.008926  0.010571  0.009679  0.007515  0.007620  0.007954  0.008916  0.009388  0.009723  0.011478  0.012882  0.017523  0.026825  0.043625  0.084267  0.168573  0.117183  
0.016218  0.009051  0.005158  0.004229  0.004823  0.005907  0.007759  0.008408  0.007710  0.008317  0.008188  0.008506  0.008243  0.008516  0.010001  0.010542  0.013718  0.021119  0.037031  0.079243  0.158251  0.111962  
0.019237  0.011968  0.005741  0.006051  0.012058  0.012157  0.011941  0.013100  0.013069  0.012622  0.010619  0.010357  0.010327  0.011107  0.014129  0.015745  0.020828  0.030964  0.048736  0.084961  0.158030  0.105366  
0.053361  0.112021  0.068999  0.035599  0.048181  0.034770  0.020361  0.019427  0.022261  0.024957  0.025768  0.026076  0.023992  0.022798  0.025277  0.022498  0.029271  0.045311  0.069803  0.102070  0.164459  0.116754  
0.035840  0.035601  0.022627  0.014377  0.020632  0.015184  0.016867  0.016801  0.015221  0.015736  0.014378  0.014674  0.016241  0.016649  0.018538  0.017981  0.021966  0.031867  0.049970  0.086137  0.152082  0.099159  
0.022054  0.013601  0.006858  0.005391  0.007586  0.009644  0.010342  0.009927  0.009375  0.009777  0.009021  0.009091  0.010110  0.011014  0.013200  0.013579  0.017062  0.025316  0.041279  0.079108  0.151053  0.097362  
0.012503  0.010179  0.005226  0.003860  0.006440  0.007661  0.007126  0.006995  0.007616  0.008086  0.007610  0.007991  0.008788  0.009654  0.011793  0.012076  0.015418  0.023814  0.040414  0.082231  0.163314  0.104070  
0.025744  0.015126  0.004689  0.003353  0.005422  0.005144  0.005395  0.005553  0.005846  0.006291  0.005964  0.006377  0.007515  0.008424  0.010467  0.011430  0.015086  0.023115  0.039578  0.082060  0.161134  0.097555  
0.018860  0.008842  0.004424  0.003235  0.005731  0.005969  0.007605  0.006540  0.005008  0.005039  0.005084  0.005788  0.007082  0.007974  0.009614  0.010393  0.013520  0.020573  0.035908  0.074032  0.146855  0.091658  
0.007494  0.007863  0.004900  0.003751  0.008369  0.007065  0.006661  0.006064  0.005944  0.006191  0.006586  0.008034  0.009004  0.009434  0.010713  0.010511  0.013307  0.020769  0.036356  0.077199  0.155700  0.106741  
0.019295  0.011552  0.005547  0.004770  0.007636  0.006206  0.006586  0.006985  0.007250  0.007761  0.007609  0.008348  0.009027  0.009385  0.010874  0.011323  0.014654  0.022263  0.037648  0.077623  0.149919  0.099844  
0.011447  0.011338  0.006342  0.004013  0.006586  0.004391  0.005396  0.006220  0.006363  0.006864  0.007216  0.008644  0.009490  0.009814  0.011614  0.012549  0.016164  0.024124  0.040452  0.081968  0.156111  0.102857  
0.013743  0.011557  0.006547  0.004365  0.007172  0.007382  0.010349  0.009140  0.006870  0.007075  0.007253  0.008234  0.009661  0.010793  0.013161  0.014657  0.018670  0.027087  0.044596  0.086223  0.152686  0.104416  
0.026001  0.013647  0.006745  0.004758  0.008612  0.006325  0.007766  0.008346  0.007647  0.007827  0.007561  0.008677  0.010161  0.011156  0.013353  0.014432  0.017599  0.024637  0.038981  0.075069  0.141623  0.098628  
0.011558  0.012131  0.006570  0.004173  0.008270  0.005284  0.006896  0.008172  0.007759  0.007526  0.007080  0.008469  0.009780  0.010573  0.012431  0.012911  0.015314  0.021789  0.035633  0.070497  0.138861  0.096056  
0.019018  0.010044  0.004858  0.004869  0.007177  0.004160  0.004568  0.005435  0.006021  0.006832  0.006686  0.007941  0.009463  0.010076  0.011242  0.011506  0.013818  0.019534  0.031517  0.063622  0.128970  0.095594  
0.013683  0.009853  0.003834  0.003323  0.004493  0.003448  0.005773  0.007537  0.006656  0.006801  0.006297  0.007283  0.008433  0.009070  0.010566  0.011497  0.014103  0.020335  0.034731  0.067169  0.128490  0.086359  
0.012506  0.007848  0.003771  0.003551  0.004618  0.003198  0.004061  0.005309  0.005940  0.006849  0.006650  0.007676  0.008772  0.009131  0.010230  0.010753  0.013203  0.019083  0.032785  0.065306  0.127642  0.087533  
0.011840  0.009130  0.004386  0.003876  0.006084  0.003603  0.004043  0.004811  0.005380  0.006021  0.005702  0.006718  0.008205  0.008922  0.010092  0.010625  0.013211  0.019632  0.033305  0.065213  0.124337  0.088935  
0.005855  0.005781  0.005130  0.004497  0.004575  0.003704  0.004639  0.005475  0.005788  0.006874  0.007242  0.008294  0.008677  0.008488  0.008866  0.008701  0.010841  0.016428  0.028979  0.059633  0.116379  0.092648  
0.011371  0.008156  0.004628  0.004725  0.007184  0.003869  0.004273  0.005201  0.005768  0.006467  0.006234  0.007239  0.008336  0.008546  0.009211  0.009494  0.011840  0.017411  0.029149  0.055831  0.108719  0.086052  
0.020107  0.013678  0.005658  0.003691  0.004409  0.003224  0.004547  0.006373  0.006675  0.006934  0.006617  0.007507  0.008174  0.008575  0.009812  0.010382  0.012662  0.018436  0.031607  0.062841  0.122326  0.091759  
0.012048  0.014209  0.006201  0.004214  0.010419  0.006217  0.007116  0.008211  0.007810  0.007200  0.006372  0.007366  0.008356  0.009035  0.010489  0.010841  0.013196  0.019659  0.032735  0.062454  0.115675  0.085117  
0.012504  0.012323  0.004712  0.003756  0.007031  0.003739  0.005285  0.007878  0.008220  0.008221  0.007531  0.008436  0.009148  0.009686  0.011826  0.013647  0.017253  0.024466  0.039077  0.071857  0.132598  0.085580  
0.010272  0.010497  0.005597  0.004503  0.007320  0.004407  0.005184  0.006066  0.006036  0.006656  0.007109  0.008835  0.010820  0.012254  0.015023  0.015881  0.019393  0.026972  0.041412  0.072451  0.124270  0.087386  
0.019527  0.012359  0.004614  0.003273  0.003556  0.003389  0.005092  0.006585  0.006083  0.006221  0.006018  0.006714  0.007346  0.008258  0.010432  0.011622  0.014632  0.021175  0.034121  0.062791  0.113948  0.086312  
0.012340  0.008757  0.003857  0.003031  0.005080  0.003965  0.004707  0.005829  0.005872  0.005821  0.005340  0.006054  0.006741  0.007457  0.009219  0.009854  0.012275  0.018080  0.029688  0.054785  0.104638  0.073775  
0.005912  0.004556  0.003751  0.002534  0.004897  0.003950  0.003866  0.003466  0.003271  0.003491  0.003537  0.004333  0.005193  0.005982  0.007508  0.007969  0.010025  0.015092  0.025487  0.049738  0.097456  0.073156  
0.013744  0.012083  0.010740  0.006230  0.006192  0.006571  0.005904  0.005495  0.005457  0.006256  0.006488  0.007307  0.008062  0.008763  0.010396  0.009716  0.011819  0.017835  0.030536  0.056452  0.101754  0.068208  
0.016434  0.017083  0.013841  0.007751  0.008271  0.007320  0.005693  0.005622  0.006304  0.007246  0.007458  0.008105  0.008665  0.009291  0.010912  0.010419  0.013027  0.019886  0.032738  0.056729  0.099851  0.066776  
0.010133  0.008750  0.005138  0.003306  0.005997  0.004897  0.004659  0.004840  0.004978  0.005014  0.004845  0.005727  0.006769  0.007987  0.010430  0.011173  0.014182  0.021167  0.034518  0.062720  0.115834  0.073968  
0.005615  0.006164  0.004356  0.002793  0.006297  0.005705  0.004945  0.004618  0.004673  0.004699  0.004576  0.005494  0.006479  0.007348  0.008636  0.008073  0.009631  0.014840  0.025236  0.050119  0.099965  0.070102  
0.008366  0.005847  0.004624  0.003240  0.005607  0.004869  0.005809  0.005704  0.004696  0.004691  0.004768  0.005721  0.006653  0.007244  0.008332  0.008094  0.009598  0.013897  0.023029  0.045192  0.092338  0.065751  
0.016345  0.011095  0.004655  0.002995  0.004476  0.004306  0.005309  0.006813  0.006661  0.006079  0.005450  0.006071  0.006469  0.007200  0.008928  0.009033  0.010862  0.016003  0.026868  0.053249  0.107272  0.071075  
0.008604  0.008125  0.004180  0.002942  0.003172  0.003462  0.004545  0.005668  0.005547  0.005628  0.005345  0.006006  0.006230  0.006548  0.007439  0.006906  0.007982  0.011662  0.020319  0.043028  0.091492  0.067042  
0.011040  0.011347  0.004740  0.003041  0.004079  0.003920  0.004435  0.005440  0.005854  0.005877  0.005362  0.006169  0.006795  0.007422  0.008657  0.008103  0.009009  0.012486  0.021113  0.042893  0.089987  0.071090  
0.012857  0.015949  0.006188  0.003160  0.005722  0.005458  0.005664  0.005911  0.005822  0.005503  0.004950  0.005795  0.006777  0.007830  0.009461  0.008960  0.009926  0.013833  0.023085  0.046387  0.093644  0.074215  
0.015391  0.013047  0.004602  0.003718  0.007450  0.005486  0.005719  0.007003  0.007344  0.006568  0.005323  0.006016  0.006765  0.007740  0.009379  0.009187  0.010479  0.014944  0.024731  0.049706  0.098136  0.068475  
0.009560  0.007617  0.003885  0.003569  0.007782  0.005939  0.006149  0.006196  0.005495  0.005110  0.004410  0.005259  0.006456  0.007566  0.009073  0.008727  0.009707  0.013486  0.021466  0.042120  0.087780  0.067410  
0.006895  0.006918  0.004124  0.003182  0.006147  0.005133  0.005361  0.005485  0.005039  0.004533  0.003883  0.004718  0.005908  0.007378  0.009292  0.009252  0.010494  0.015344  0.025317  0.051050  0.105854  0.079422  
0.006013  0.005739  0.004125  0.003147  0.004025  0.003751  0.003711  0.004567  0.005283  0.005498  0.005134  0.005955  0.006278  0.007004  0.008661  0.008489  0.009710  0.013640  0.022256  0.045191  0.098969  0.078293  
0.014177  0.008498  0.003606  0.002831  0.004672  0.003861  0.004647  0.005716  0.005299  0.004877  0.004229  0.004981  0.005717  0.006651  0.008142  0.008065  0.009044  0.012618  0.020416  0.041137  0.090270  0.070520  
0.005922  0.005722  0.003379  0.002906  0.007791  0.005388  0.004464  0.004722  0.005104  0.004837  0.004279  0.005175  0.005946  0.006930  0.008764  0.008714  0.010095  0.014522  0.023236  0.045952  0.097505  0.075791  
0.015688  0.010876  0.004584  0.003648  0.009145  0.005951  0.004864  0.005555  0.006351  0.006086  0.005462  0.006230  0.006796  0.007709  0.009812  0.009944  0.011818  0.016996  0.026686  0.054930  0.113488  0.080269  
0.014352  0.008800  0.004833  0.004346  0.008732  0.009100  0.007432  0.006167  0.005349  0.005500  0.005487  0.006323  0.007329  0.008359  0.010227  0.009853  0.011418  0.015919  0.024769  0.047471  0.097850  0.081154  
0.005731  0.006158  0.003011  0.002242  0.004625  0.005000  0.005859  0.005813  0.004512  0.004187  0.004094  0.005188  0.006241  0.007385  0.009300  0.008759  0.009770  0.013876  0.022678  0.045181  0.098758  0.080372  
0.008551  0.004416  0.003089  0.002913  0.004364  0.004216  0.005749  0.006545  0.005046  0.004802  0.004645  0.005619  0.006350  0.006940  0.008236  0.007798  0.008623  0.011889  0.018941  0.038308  0.087694  0.071223  
0.010928  0.007389  0.003327  0.003030  0.006223  0.004394  0.004883  0.005697  0.005190  0.004810  0.004333  0.005202  0.006080  0.006804  0.008265  0.007939  0.008961  0.012592  0.020171  0.041503  0.092045  0.067640  
0.005056  0.005192  0.003543  0.002487  0.005496  0.005149  0.005627  0.005099  0.004088  0.003971  0.004025  0.005115  0.006146  0.006964  0.008340  0.007744  0.008534  0.012035  0.020119  0.042950  0.093840  0.073095  
0.011055  0.008171  0.004914  0.002963  0.004794  0.004987  0.006326  0.006132  0.004549  0.004240  0.004186  0.004998  0.005582  0.006234  0.007725  0.007533  0.008489  0.011740  0.018993  0.039536  0.086164  0.071659  
0.011691  0.006153  0.004867  0.003689  0.004589  0.005251  0.009186  0.008836  0.005012  0.004562  0.004594  0.005387  0.005959  0.006529  0.008037  0.008224  0.009352  0.012523  0.019683  0.039191  0.083904  0.067194  
0.007176  0.006353  0.003056  0.002401  0.002764  0.002917  0.003478  0.003855  0.003627  0.003701  0.003524  0.004205  0.004953  0.005866  0.007564  0.007519  0.008490  0.011888  0.019816  0.042770  0.097283  0.076037  
0.064396  0.095549  0.056722  0.032049  0.023622  0.014643  0.010690  0.012291  0.012708  0.013321  0.013484  0.014407  0.013691  0.013530  0.015180  0.013533  0.016223  0.022976  0.034595  0.052506  0.096979  0.076509  
0.119518  0.226629  0.131044  0.059430  0.043203  0.024384  0.021093  0.021692  0.019498  0.019829  0.020470  0.021699  0.022312  0.023440  0.025241  0.022748  0.026425  0.035605  0.051625  0.072180  0.113004  0.076724  
0.374349  0.645428  0.643907  0.474285  0.300260  0.204288  0.127240  0.115541  0.131218  0.186631  0.244386  0.256216  0.238303  0.204708  0.146828  0.094585  0.094125  0.109274  0.142752  0.156309  0.172553  0.108218  
0.640378  0.888909  0.932681  0.855737  0.681244  0.567968  0.346021  0.296888  0.425475  0.652194  0.796683  0.798225  0.767260  0.694511  0.492023  0.315626  0.320608  0.357060  0.413218  0.386990  0.342624  0.263552  
0.728458  0.898841  0.919985  0.798792  0.463677  0.332601  0.203777  0.205662  0.324975  0.573738  0.770373  0.779374  0.758820  0.691749  0.512933  0.337781  0.332003  0.357550  0.402016  0.362868  0.324382  0.255406  
0.743073  0.895298  0.898723  0.702994  0.380063  0.309525  0.198057  0.174436  0.252358  0.479817  0.699198  0.715179  0.715041  0.659233  0.476239  0.307560  0.290515  0.305989  0.349337  0.323480  0.287500  0.221775  
0.770232  0.901746  0.859118  0.572107  0.366524  0.336434  0.201089  0.178832  0.262287  0.425060  0.590127  0.594157  0.601515  0.573789  0.442883  0.297052  0.272934  0.291091  0.331997  0.310123  0.274481  0.203861  
0.694100  0.870837  0.847134  0.616321  0.316224  0.294144  0.175822  0.179840  0.294866  0.483671  0.648763  0.642910  0.629462  0.586301  0.442365  0.286664  0.266361  0.288487  0.328705  0.300014  0.260647  0.193417  
0.767515  0.904064  0.898419  0.730306  0.456252  0.435291  0.329201  0.303525  0.368523  0.502664  0.624367  0.611613  0.598436  0.561400  0.445243  0.300279  0.276638  0.302985  0.349694  0.325578  0.267673  0.188184  
0.603989  0.837039  0.758204  0.495991  0.293163  0.233388  0.188516  0.202283  0.262939  0.386742  0.531734  0.550092  0.563404  0.530017  0.395015  0.254480  0.232577  0.244814  0.282942  0.277487  0.240749  0.155692  
0.552909  0.793084  0.792002  0.629606  0.372106  0.302898  0.265179  0.265197  0.297034  0.438057  0.593942  0.608273  0.608040  0.558740  0.417137  0.275925  0.259173  0.277460  0.311809  0.272819  0.222426  0.151460  
0.540901  0.822372  0.830108  0.591444  0.323072  0.250648  0.231972  0.230795  0.263707  0.399324  0.547181  0.552832  0.552671  0.505976  0.379887  0.240515  0.220173  0.239101  0.271279  0.249248  0.207900  0.138150  
0.547141  0.787044  0.772833  0.520866  0.242227  0.248229  0.209789  0.222456  0.295419  0.447764  0.583544  0.561869  0.542779  0.496970  0.371332  0.241658  0.225654  0.246773  0.281577  0.254521  0.215213  0.146138  
0.549817  0.748780  0.673056  0.408185  0.174903  0.146305  0.143784  0.175615  0.228469  0.323140  0.421094  0.414042  0.408852  0.388703  0.323662  0.221195  0.202314  0.218575  0.253777  0.249110  0.224403  0.144506  
0.638282  0.788877  0.748235  0.486726  0.254031  0.208160  0.181454  0.186311  0.221397  0.319697  0.430053  0.423779  0.418953  0.393787  0.315202  0.217528  0.205073  0.223806  0.257476  0.246488  0.214424  0.142065  
0.511937  0.668876  0.511671  0.254962  0.159090  0.102754  0.110684  0.122211  0.141853  0.223895  0.349888  0.392741  0.441382  0.423439  0.310867  0.201862  0.180468  0.190521  0.227604  0.238287  0.216436  0.137134  
0.400011  0.517568  0.511162  0.330608  0.159490  0.209093  0.230840  0.228617  0.248964  0.340568  0.432392  0.426197  0.444625  0.430398  0.334341  0.215575  0.184645  0.195412  0.238154  0.234326  0.218946  0.161719  
0.353940  0.429023  0.424921  0.282495  0.167498  0.156043  0.147670  0.147650  0.164343  0.209375  0.262455  0.264011  0.276832  0.281268  0.258794  0.174511  0.152340  0.166482  0.200262  0.208698  0.210470  0.152293  
0.322873  0.519161  0.509731  0.426141  0.213672  0.212723  0.242656  0.269240  0.315404  0.468740  0.598070  0.587720  0.583273  0.514629  0.327607  0.194483  0.181804  0.206045  0.250167  0.241389  0.211302  0.142428  
0.564739  0.779921  0.835024  0.761683  0.476983  0.432595  0.395579  0.420841  0.495670  0.657355  0.763526  0.742708  0.709910  0.634783  0.449969  0.269724  0.246963  0.279539  0.326715  0.291968  0.221963  0.140335  
0.427105  0.715657  0.763329  0.609152  0.287126  0.272673  0.246895  0.263392  0.347500  0.546935  0.716773  0.720472  0.709800  0.641615  0.449277  0.261402  0.237238  0.262032  0.311074  0.291696  0.227203  0.140902  
0.489085  0.761218  0.804136  0.689095  0.358303  0.303513  0.288088  0.324970  0.398955  0.566278  0.712407  0.714324  0.695253  0.634151  0.472429  0.291586  0.268020  0.293692  0.330922  0.294036  0.224370  0.140964  
0.423300  0.727361  0.760451  0.633705  0.297632  0.286655  0.253378  0.270963  0.337148  0.502606  0.672380  0.683484  0.668150  0.608752  0.442377  0.267028  0.251170  0.283895  0.333956  0.304036  0.231073  0.143554  
0.325705  0.668352  0.655971  0.509021  0.230829  0.184719  0.146731  0.152583  0.200842  0.338252  0.528968  0.568121  0.574428  0.527217  0.387614  0.232222  0.215863  0.238375  0.283881  0.275866  0.224107  0.132046  
0.259522  0.578488  0.492897  0.360232  0.190995  0.143889  0.107218  0.101724  0.126388  0.211792  0.365690  0.423675  0.458772  0.438220  0.337107  0.207071  0.190956  0.206756  0.248176  0.257421  0.225267  0.128539  
0.298193  0.531393  0.412717  0.262147  0.158185  0.113789  0.101989  0.104496  0.115041  0.175066  0.301107  0.361601  0.403967  0.392052  0.310946  0.199653  0.183520  0.193660  0.231692  0.241561  0.219657  0.120430  
0.195773  0.406153  0.368941  0.316717  0.243227  0.181036  0.145933  0.128080  0.128246  0.180207  0.286823  0.342672  0.383690  0.378119  0.320200  0.213014  0.198261  0.212949  0.253770  0.262082  0.239083  0.129429  
0.223959  0.445409  0.304037  0.251312  0.238410  0.181987  0.131634  0.108688  0.105015  0.124503  0.177036  0.217023  0.253182  0.269859  0.267164  0.180323  0.163636  0.177604  0.219125  0.248380  0.244598  0.130403  
0.383204  0.418375  0.343656  0.392931  0.360786  0.258096  0.150042  0.105305  0.098760  0.124790  0.183548  0.218621  0.248880  0.258671  0.253232  0.180603  0.174006  0.186517  0.226061  0.252989  0.250628  0.133727  
0.309196  0.407303  0.328890  0.372044  0.312989  0.217916  0.128540  0.088740  0.079510  0.103166  0.158381  0.192756  0.216245  0.225215  0.222088  0.161093  0.162513  0.179673  0.221797  0.248294  0.260503  0.143439  
0.297203  0.402919  0.284898  0.297634  0.223874  0.161300  0.103524  0.076854  0.071389  0.093405  0.142060  0.170100  0.187032  0.193414  0.190666  0.139969  0.145446  0.166941  0.214996  0.248730  0.265769  0.142148  
0.177555  0.327934  0.239542  0.252624  0.239333  0.172592  0.109992  0.067095  0.053681  0.070465  0.110229  0.138333  0.161706  0.169608  0.165230  0.120789  0.126348  0.147327  0.195075  0.231566  0.255628  0.139549  
0.181164  0.288881  0.230674  0.273732  0.262291  0.144405  0.082407  0.062799  0.063674  0.080664  0.113757  0.137789  0.151327  0.152205  0.146370  0.106442  0.112820  0.133932  0.173429  0.200758  0.232489  0.133586  
0.176081  0.247229  0.237448  0.324571  0.368078  0.265468  0.161111  0.089206  0.063889  0.075258  0.101659  0.124684  0.140236  0.144263  0.142315  0.103684  0.105604  0.121244  0.162089  0.200022  0.240055  0.141733  
0.140341  0.204439  0.222026  0.304271  0.348012  0.235115  0.142573  0.085550  0.066692  0.077896  0.102710  0.122804  0.134250  0.133742  0.128284  0.093584  0.096011  0.110291  0.145746  0.171987  0.205261  0.125323  
0.121716  0.248535  0.188531  0.183207  0.204935  0.119156  0.097306  0.084476  0.071341  0.074949  0.092100  0.110133  0.115659  0.117118  0.119591  0.092633  0.096504  0.112566  0.148546  0.172752  0.213284  0.126054  
0.187227  0.254912  0.194425  0.167958  0.174187  0.115563  0.095201  0.078368  0.064873  0.071965  0.091072  0.104122  0.107413  0.108235  0.110492  0.089999  0.097113  0.113467  0.149739  0.174415  0.211569  0.129428  
0.114300  0.226316  0.148911  0.083486  0.084318  0.076869  0.075596  0.065776  0.054379  0.059072  0.073870  0.087101  0.088467  0.091696  0.098139  0.077104  0.079469  0.094661  0.132319  0.162787  0.196957  0.118090  
0.135985  0.246032  0.096703  0.058971  0.064379  0.053207  0.051606  0.046670  0.042006  0.047849  0.058039  0.068558  0.072968  0.076266  0.080169  0.061092  0.062279  0.074680  0.106697  0.140052  0.175854  0.108520  
0.142968  0.170544  0.130417  0.117630  0.133061  0.087528  0.069991  0.065112  0.061218  0.069358  0.081535  0.091023  0.088158  0.084071  0.085045  0.067525  0.073608  0.088507  0.120502  0.137710  0.165629  0.097182  
0.095180  0.141608  0.101682  0.097454  0.106747  0.064204  0.053471  0.050007  0.049433  0.059433  0.072248  0.080932  0.079204  0.074660  0.072383  0.057175  0.062806  0.076898  0.108219  0.134694  0.166812  0.100060  
0.126737  0.231620  0.118620  0.100273  0.100441  0.054387  0.053527  0.052280  0.050183  0.061515  0.076972  0.084944  0.088898  0.088851  0.089107  0.079519  0.095941  0.117900  0.158358  0.186590  0.212312  0.123297  
0.091950  0.178475  0.091786  0.064114  0.057564  0.048786  0.045812  0.040965  0.039912  0.049781  0.062201  0.066418  0.066937  0.067274  0.069664  0.059049  0.069824  0.089542  0.127784  0.162353  0.193005  0.124687  
0.043329  0.065032  0.058295  0.042593  0.050143  0.043125  0.037569  0.030222  0.029083  0.037814  0.049001  0.053778  0.054417  0.053140  0.053922  0.046570  0.054255  0.068431  0.099808  0.131191  0.170372  0.121586  
0.054379  0.097530  0.080611  0.055528  0.055223  0.051315  0.058949  0.047514  0.035568  0.042159  0.053017  0.057662  0.059595  0.059213  0.060843  0.054618  0.065196  0.082781  0.120211  0.147379  0.176071  0.116121  
0.093918  0.085569  0.074995  0.052389  0.057308  0.045660  0.040360  0.036381  0.034929  0.042457  0.052153  0.055579  0.055314  0.053834  0.055013  0.049264  0.058611  0.074540  0.106815  0.134390  0.166175  0.109934  
0.037933  0.055077  0.050027  0.034558  0.029492  0.034326  0.035270  0.028090  0.025153  0.033792  0.045792  0.051143  0.054151  0.056851  0.060529  0.056364  0.069065  0.087746  0.129478  0.167176  0.187481  0.116055  
0.041139  0.038830  0.051007  0.048855  0.044425  0.064991  0.072727  0.060600  0.064333  0.097420  0.129434  0.141478  0.171939  0.235435  0.315608  0.422895  0.535771  0.579003  0.637948  0.626533  0.427806  0.167818  
