0.129186  0.221258  0.195717  0.207690  0.180139  0.252236  0.248403  0.214824  0.199820  0.212154  0.195675  0.193577  0.221811  0.250936  0.211136  0.184368  0.160450  0.151477  0.152333  0.183866  0.250915  0.358747  
0.075849  0.270872  0.224407  0.243836  0.269458  0.270736  0.317050  0.302930  0.261261  0.219438  0.184788  0.181344  0.228283  0.260102  0.205996  0.196609  0.197337  0.173369  0.147380  0.161606  0.214901  0.257240  
0.147689  0.278361  0.207812  0.226751  0.250633  0.295345  0.314225  0.298856  0.261917  0.209828  0.157264  0.145820  0.175947  0.211387  0.200060  0.197890  0.193419  0.166576  0.135623  0.144278  0.192404  0.225165  
0.041954  0.163046  0.079990  0.090918  0.171853  0.187269  0.202616  0.206185  0.183389  0.135408  0.099729  0.100337  0.123939  0.163295  0.173619  0.179810  0.178388  0.152148  0.122326  0.142287  0.203740  0.222312  
0.048898  0.163779  0.061537  0.061224  0.141366  0.164731  0.154245  0.153988  0.148112  0.111609  0.079519  0.078033  0.093658  0.127782  0.144595  0.153043  0.150920  0.125651  0.101950  0.124274  0.176178  0.191397  
0.117842  0.215273  0.086818  0.075453  0.132223  0.105084  0.111019  0.121234  0.118247  0.097393  0.077854  0.082441  0.102764  0.134073  0.146211  0.158723  0.152843  0.120962  0.096173  0.126878  0.192411  0.200744  
0.045799  0.112842  0.048164  0.055331  0.130897  0.123469  0.128465  0.124093  0.107330  0.090689  0.079163  0.089374  0.106266  0.131955  0.138444  0.144427  0.138658  0.112397  0.095288  0.126941  0.184308  0.202045  
0.054450  0.202060  0.068101  0.062186  0.126959  0.138670  0.155463  0.166580  0.147111  0.112115  0.083877  0.087047  0.104275  0.136210  0.154072  0.173373  0.168244  0.140929  0.120864  0.154420  0.229708  0.263287  
0.151204  0.478585  0.401797  0.428869  0.552119  0.474694  0.529278  0.591812  0.593701  0.608959  0.593620  0.619500  0.619288  0.603647  0.474990  0.439183  0.413502  0.361241  0.305514  0.324706  0.395265  0.429579  
0.280152  0.418536  0.194496  0.191009  0.243550  0.235282  0.223007  0.281265  0.344273  0.355560  0.319590  0.298624  0.300583  0.313881  0.297319  0.304669  0.299614  0.257773  0.218851  0.256372  0.348151  0.344098  
0.087915  0.239366  0.243509  0.275934  0.251803  0.242681  0.285155  0.269690  0.219062  0.251114  0.308725  0.340697  0.334253  0.314227  0.269426  0.279189  0.289336  0.250664  0.211465  0.247442  0.347824  0.382089  
0.028704  0.147602  0.163213  0.144241  0.201102  0.272669  0.275671  0.244734  0.230351  0.254228  0.274407  0.296203  0.291770  0.300144  0.277712  0.271849  0.266153  0.232414  0.205777  0.260950  0.350383  0.341031  
0.115468  0.190680  0.118121  0.127633  0.261391  0.323082  0.276470  0.254583  0.257210  0.265263  0.260274  0.267700  0.257207  0.265939  0.255995  0.241316  0.224146  0.189880  0.164475  0.231072  0.329560  0.304929  
0.042760  0.159727  0.109451  0.104338  0.180375  0.268706  0.267838  0.245369  0.223465  0.210174  0.189369  0.188814  0.192268  0.218728  0.229549  0.229193  0.219893  0.191468  0.169049  0.230353  0.325191  0.317949  
0.086232  0.169005  0.074606  0.071715  0.202534  0.198534  0.175859  0.176395  0.176094  0.163158  0.145976  0.154152  0.166873  0.192990  0.204488  0.208231  0.198875  0.168692  0.146014  0.208545  0.305283  0.269317  
0.129597  0.212448  0.084713  0.079477  0.243460  0.264560  0.226192  0.187289  0.162820  0.150636  0.138886  0.145839  0.164654  0.195582  0.205041  0.206529  0.197160  0.166233  0.143009  0.208071  0.294043  0.256122  
0.071924  0.180723  0.111478  0.100906  0.156659  0.187542  0.200349  0.191980  0.166645  0.158541  0.155087  0.164457  0.169779  0.188827  0.194378  0.205643  0.203052  0.175698  0.158197  0.226357  0.326423  0.313028  
0.135015  0.192397  0.095916  0.107308  0.146398  0.166625  0.222756  0.229339  0.165421  0.155300  0.161518  0.177199  0.178301  0.185887  0.178900  0.186270  0.179747  0.148683  0.130672  0.184737  0.277243  0.264309  
0.043451  0.141541  0.103778  0.102322  0.142165  0.143537  0.145463  0.151865  0.148816  0.148148  0.145675  0.155163  0.158621  0.170342  0.172179  0.181752  0.182426  0.158343  0.146197  0.205498  0.299870  0.286478  
0.107272  0.169812  0.076505  0.072695  0.118326  0.160410  0.160177  0.150286  0.136084  0.139839  0.136535  0.139083  0.148162  0.162215  0.158882  0.161839  0.157043  0.133889  0.127298  0.187699  0.275594  0.261085  
0.070681  0.181536  0.075978  0.059364  0.129422  0.166992  0.164355  0.151270  0.132404  0.126168  0.122764  0.131964  0.140182  0.154664  0.152597  0.153813  0.150475  0.134323  0.134136  0.201992  0.288800  0.261861  
0.076379  0.206830  0.096057  0.062601  0.122908  0.139340  0.141729  0.131376  0.120548  0.119379  0.113321  0.122101  0.145064  0.166415  0.161799  0.174930  0.176058  0.156046  0.153623  0.218877  0.309719  0.278098  
0.181002  0.253887  0.088140  0.064346  0.059638  0.078072  0.087080  0.102131  0.098431  0.100148  0.104458  0.116198  0.123664  0.132771  0.130357  0.141702  0.144153  0.130571  0.131866  0.207220  0.326347  0.308822  
0.050414  0.142737  0.089695  0.079688  0.079983  0.117897  0.132796  0.122053  0.099433  0.100376  0.104412  0.113786  0.124705  0.135559  0.131880  0.141459  0.145508  0.134782  0.137043  0.209881  0.324100  0.336934  
0.097930  0.211785  0.101337  0.066701  0.088416  0.118740  0.132346  0.148112  0.139987  0.129985  0.119245  0.121820  0.128616  0.140723  0.150484  0.168011  0.168282  0.152288  0.151841  0.235890  0.372842  0.373446  
0.105884  0.241639  0.111761  0.071149  0.113889  0.130434  0.144615  0.163572  0.163904  0.153715  0.133446  0.129444  0.135185  0.144610  0.154776  0.174042  0.174948  0.157638  0.155172  0.241967  0.371568  0.364276  
0.098267  0.248146  0.089227  0.050335  0.079100  0.100342  0.132725  0.141772  0.122525  0.119797  0.117429  0.125251  0.146884  0.163133  0.177100  0.204502  0.206393  0.190564  0.192417  0.297255  0.458919  0.455868  
0.246863  0.437185  0.088097  0.049546  0.076552  0.100307  0.093504  0.103164  0.111759  0.113652  0.112780  0.115723  0.124743  0.136196  0.152443  0.177321  0.186924  0.174085  0.171797  0.273322  0.434439  0.448812  
0.135340  0.235227  0.083157  0.047289  0.099603  0.096014  0.081408  0.082156  0.093562  0.105785  0.114184  0.125842  0.147950  0.160720  0.173033  0.200383  0.206090  0.186420  0.180834  0.283474  0.444617  0.439925  
0.266107  0.348508  0.085267  0.056607  0.097648  0.094403  0.093179  0.113625  0.127959  0.135481  0.135843  0.141601  0.156355  0.168577  0.185592  0.225601  0.238504  0.219282  0.214486  0.325889  0.484029  0.443863  
0.115576  0.272877  0.111509  0.063672  0.102932  0.127984  0.103539  0.102060  0.121657  0.139823  0.149584  0.156399  0.170873  0.183421  0.200162  0.239739  0.256765  0.245159  0.250095  0.370589  0.525088  0.506527  
0.169690  0.242027  0.088705  0.075148  0.108840  0.109565  0.115557  0.134767  0.148008  0.166930  0.167381  0.169631  0.187395  0.196414  0.205927  0.250691  0.265896  0.247670  0.250280  0.365481  0.521971  0.494074  
0.136353  0.201189  0.065659  0.075898  0.121291  0.114866  0.138756  0.153910  0.142441  0.156949  0.164910  0.176264  0.192229  0.199280  0.210064  0.257143  0.278735  0.261450  0.261934  0.376673  0.521930  0.471507  
0.112315  0.190763  0.052353  0.051937  0.102043  0.118567  0.116963  0.113504  0.107751  0.124285  0.141166  0.156244  0.170073  0.177628  0.188028  0.219679  0.237044  0.223014  0.224513  0.335804  0.480902  0.440618  
0.120399  0.247199  0.057117  0.040221  0.067958  0.089561  0.107108  0.118002  0.108818  0.113338  0.117984  0.126044  0.139029  0.151693  0.167091  0.199630  0.215184  0.205084  0.210122  0.318066  0.473030  0.456571  
0.239846  0.274407  0.068582  0.039967  0.073671  0.098140  0.085132  0.085649  0.095335  0.111544  0.124169  0.130959  0.145622  0.156824  0.172473  0.205217  0.221532  0.209922  0.216984  0.338190  0.500539  0.470228  
0.020110  0.071264  0.053534  0.042239  0.078174  0.083237  0.073039  0.065370  0.068376  0.084723  0.104506  0.127212  0.137467  0.144226  0.159971  0.183841  0.202119  0.196652  0.203846  0.318485  0.456008  0.426477  
0.036192  0.124917  0.068693  0.053743  0.068316  0.079273  0.076523  0.077587  0.076814  0.086578  0.102547  0.122822  0.124556  0.130487  0.142844  0.163112  0.179099  0.175692  0.182150  0.290488  0.430456  0.413270  
0.031994  0.088126  0.059067  0.059136  0.056009  0.066039  0.078973  0.096338  0.095573  0.107855  0.121060  0.135483  0.133325  0.134676  0.139654  0.161659  0.175929  0.169792  0.175483  0.272825  0.424843  0.423627  
0.092800  0.312036  0.395866  0.339369  0.350247  0.462096  0.520224  0.475145  0.403293  0.388848  0.387578  0.386187  0.408350  0.420313  0.382614  0.401081  0.416804  0.357654  0.323281  0.355603  0.405962  0.376598  
0.074789  0.113936  0.115448  0.125738  0.160922  0.252415  0.204979  0.194868  0.219882  0.235042  0.233504  0.224922  0.233109  0.241140  0.222791  0.232162  0.246633  0.217851  0.199777  0.258071  0.321915  0.308716  
0.310225  0.657161  0.824524  0.880779  0.917228  0.927939  0.905743  0.837593  0.775557  0.787223  0.806455  0.804726  0.803129  0.758826  0.601350  0.552986  0.559396  0.482946  0.446986  0.464928  0.453286  0.374543  
0.403869  0.483400  0.584874  0.815658  0.895495  0.855846  0.829071  0.757936  0.587597  0.503432  0.452495  0.431201  0.433615  0.368520  0.257876  0.273141  0.263186  0.191186  0.155840  0.165041  0.200015  0.163690  
0.472793  0.738023  0.970176  0.990769  0.993690  0.995254  0.993820  0.982385  0.963672  0.973647  0.982612  0.982723  0.982872  0.968188  0.861681  0.800055  0.775799  0.672057  0.591718  0.519719  0.465186  0.424550  
0.632159  0.883627  0.985744  0.997234  0.999155  0.998701  0.998506  0.996457  0.990202  0.988575  0.989956  0.988987  0.991251  0.984456  0.927078  0.871202  0.817146  0.711971  0.619765  0.543986  0.372851  0.223139  
0.885317  0.978883  0.994626  0.997758  0.998786  0.997987  0.995121  0.990644  0.985968  0.987689  0.991316  0.990033  0.989550  0.980649  0.913146  0.855735  0.837995  0.804849  0.754411  0.637591  0.406374  0.262336  
0.916378  0.985138  0.996601  0.995996  0.994658  0.992053  0.987013  0.980598  0.978097  0.986007  0.991854  0.990109  0.989957  0.980133  0.902973  0.828670  0.804204  0.759399  0.704122  0.591631  0.404999  0.292902  
0.929626  0.981229  0.997291  0.997229  0.997408  0.997244  0.995845  0.991934  0.987299  0.987873  0.990320  0.988216  0.989698  0.983180  0.929819  0.880440  0.845359  0.779661  0.705257  0.582789  0.407526  0.314487  
0.933133  0.987441  0.997822  0.997568  0.998816  0.998927  0.998559  0.996396  0.989728  0.982069  0.980147  0.973509  0.976327  0.964737  0.875556  0.814074  0.788062  0.725374  0.647086  0.522006  0.374675  0.318428  
0.953489  0.980028  0.995004  0.995020  0.997306  0.998491  0.998338  0.996505  0.990818  0.980205  0.969523  0.954895  0.959231  0.954268  0.909417  0.892173  0.866183  0.814299  0.750833  0.652490  0.474210  0.350396  
0.923963  0.985468  0.995735  0.996295  0.998725  0.998869  0.998461  0.996733  0.992298  0.985993  0.980342  0.972034  0.972208  0.962207  0.898535  0.860683  0.852691  0.838493  0.803428  0.703174  0.546018  0.493665  
0.928202  0.986296  0.995465  0.993746  0.995002  0.995790  0.994874  0.991926  0.988451  0.987210  0.985277  0.975284  0.971852  0.954466  0.855778  0.805380  0.802688  0.791842  0.749418  0.607534  0.403912  0.327176  
0.944518  0.986123  0.995741  0.991288  0.986096  0.988226  0.989275  0.990219  0.991893  0.992336  0.989156  0.977719  0.969479  0.949763  0.854939  0.806625  0.793642  0.769209  0.708953  0.565347  0.409813  0.379977  
0.909314  0.973173  0.968930  0.926326  0.817056  0.859293  0.904207  0.951228  0.962709  0.947554  0.896632  0.794039  0.712194  0.666260  0.542709  0.523104  0.531892  0.521980  0.459937  0.361553  0.310919  0.344708  
0.914346  0.964032  0.939372  0.823694  0.622289  0.600772  0.703910  0.801644  0.808764  0.780624  0.682651  0.512282  0.405441  0.364576  0.302065  0.328307  0.354500  0.339153  0.284745  0.221784  0.208717  0.272341  
0.909494  0.958592  0.894693  0.668013  0.484510  0.407512  0.480193  0.595965  0.601186  0.577813  0.510500  0.371337  0.294775  0.267942  0.217739  0.241428  0.259787  0.226598  0.173859  0.124155  0.119154  0.197566  
0.905041  0.977825  0.974999  0.922552  0.857252  0.800311  0.781555  0.870146  0.934784  0.958758  0.949988  0.900850  0.827746  0.733886  0.493746  0.423225  0.415354  0.375935  0.296726  0.186185  0.130080  0.184587  
0.852529  0.986472  0.994826  0.988344  0.972726  0.978457  0.981031  0.989462  0.995551  0.998014  0.997990  0.995253  0.988564  0.969334  0.825239  0.695817  0.661307  0.616108  0.524270  0.324553  0.153227  0.159772  
0.915835  0.985014  0.995114  0.989585  0.973255  0.979222  0.984754  0.987326  0.990115  0.994945  0.995769  0.989638  0.978207  0.940964  0.716247  0.595121  0.611373  0.575635  0.493219  0.314766  0.168291  0.169555  
0.945522  0.984787  0.991803  0.984845  0.976395  0.980263  0.981229  0.987230  0.992664  0.995982  0.995533  0.987749  0.971835  0.930452  0.712219  0.607368  0.613286  0.564923  0.473079  0.299757  0.178105  0.192742  
0.961968  0.991931  0.993452  0.985648  0.983001  0.974794  0.975971  0.986517  0.992309  0.994739  0.992903  0.981737  0.956575  0.899664  0.691884  0.596469  0.574240  0.515266  0.411599  0.240568  0.133252  0.135100  
0.964133  0.994178  0.996193  0.987014  0.986977  0.982398  0.976544  0.981830  0.989748  0.994196  0.993474  0.983696  0.962793  0.909881  0.682018  0.551366  0.538797  0.504006  0.420474  0.246158  0.136214  0.161312  
0.962217  0.992022  0.994095  0.978539  0.972900  0.962484  0.948156  0.960320  0.979542  0.990101  0.990806  0.978525  0.955229  0.891442  0.614090  0.480162  0.476583  0.437189  0.354188  0.191211  0.105702  0.129552  
0.964966  0.993001  0.995924  0.983630  0.979870  0.975403  0.970275  0.974343  0.983227  0.990052  0.990031  0.976758  0.955070  0.895112  0.618086  0.484956  0.486396  0.443903  0.354008  0.187679  0.107317  0.141308  
0.974193  0.992251  0.994337  0.975837  0.964493  0.960636  0.958654  0.967903  0.976158  0.981594  0.979260  0.952135  0.914822  0.835904  0.559102  0.462725  0.463893  0.404255  0.303018  0.152865  0.092165  0.120593  
0.968654  0.993296  0.994754  0.968963  0.944229  0.929636  0.928419  0.939701  0.947479  0.942166  0.912057  0.799460  0.707302  0.623728  0.471879  0.494715  0.492604  0.402716  0.275487  0.145251  0.075371  0.083070  
0.956854  0.989826  0.988626  0.941210  0.838583  0.881250  0.913965  0.932216  0.923195  0.896684  0.829023  0.627048  0.496493  0.427665  0.305790  0.367460  0.385189  0.309900  0.206192  0.101353  0.048932  0.049691  
0.962388  0.991995  0.991446  0.963312  0.907248  0.907954  0.925145  0.939231  0.920344  0.879447  0.822425  0.661774  0.528773  0.448238  0.320261  0.350391  0.383525  0.337464  0.238358  0.112693  0.056369  0.061882  
0.969975  0.993277  0.994628  0.966752  0.933909  0.933735  0.958984  0.971427  0.965905  0.950946  0.926324  0.836726  0.760119  0.660667  0.405941  0.373837  0.405308  0.364416  0.275404  0.137059  0.085001  0.127124  
0.970523  0.993736  0.990943  0.967235  0.924865  0.938858  0.913118  0.924956  0.928740  0.924720  0.909674  0.804202  0.666916  0.517978  0.266337  0.253893  0.263712  0.223554  0.166746  0.075205  0.032266  0.028862  
0.952516  0.986261  0.990304  0.967808  0.921835  0.940729  0.952382  0.953427  0.944149  0.955634  0.962991  0.929654  0.892327  0.805865  0.487521  0.416379  0.456721  0.421937  0.347381  0.179989  0.113027  0.173870  
0.943993  0.985301  0.992318  0.984346  0.976483  0.979132  0.978908  0.977753  0.978579  0.986034  0.988341  0.974398  0.955565  0.894379  0.575216  0.453090  0.471813  0.425904  0.351179  0.189096  0.095642  0.102668  
0.955343  0.988004  0.992616  0.987700  0.988355  0.987708  0.984079  0.983845  0.986691  0.991801  0.992458  0.982918  0.968101  0.920316  0.631155  0.491092  0.498659  0.460928  0.382440  0.194548  0.094109  0.108900  
0.956827  0.991529  0.996591  0.991694  0.990262  0.988548  0.986684  0.983861  0.983732  0.990277  0.991991  0.982966  0.970324  0.923356  0.624556  0.459580  0.458592  0.414798  0.337459  0.169175  0.086473  0.113544  
0.962155  0.990733  0.995516  0.989126  0.987837  0.988020  0.983899  0.981710  0.984626  0.991482  0.993104  0.984779  0.972382  0.928446  0.627439  0.460111  0.460790  0.417691  0.337188  0.167799  0.090188  0.125826  
0.966499  0.990400  0.994474  0.985796  0.983386  0.983209  0.982484  0.982030  0.982721  0.988335  0.989441  0.977223  0.961135  0.908021  0.607648  0.458624  0.448114  0.393280  0.305187  0.143124  0.070714  0.086333  
0.971094  0.993828  0.996868  0.988297  0.984832  0.984335  0.984764  0.983315  0.980576  0.983029  0.982517  0.963600  0.942636  0.883727  0.614842  0.468118  0.431437  0.365745  0.275895  0.132707  0.064657  0.081107  
0.971246  0.991404  0.993716  0.974103  0.959370  0.966866  0.968034  0.967251  0.961281  0.954426  0.946027  0.895604  0.864001  0.802370  0.590964  0.501769  0.446232  0.360288  0.254818  0.121297  0.055511  0.060442  
0.969775  0.992020  0.995192  0.973582  0.954444  0.944703  0.948139  0.954130  0.959700  0.960591  0.955379  0.917416  0.896722  0.850691  0.639151  0.557613  0.549758  0.483351  0.382973  0.218307  0.134110  0.197318  
0.963882  0.992893  0.994725  0.970436  0.935404  0.941615  0.943065  0.955400  0.963313  0.963393  0.957931  0.901743  0.846431  0.752339  0.444332  0.382278  0.432414  0.404647  0.329121  0.181899  0.117673  0.163630  
0.960672  0.993761  0.996136  0.975857  0.942718  0.956478  0.959812  0.964922  0.964377  0.955298  0.944453  0.870480  0.800025  0.698222  0.428077  0.381125  0.444686  0.430039  0.354784  0.198279  0.129955  0.171738  
0.963258  0.992070  0.993764  0.968052  0.920965  0.946220  0.954730  0.960317  0.952487  0.933623  0.917949  0.820711  0.734768  0.634001  0.396457  0.379849  0.441346  0.413720  0.331611  0.181516  0.114805  0.141385  
0.961207  0.990976  0.994403  0.975874  0.943763  0.967753  0.975109  0.976634  0.969515  0.958956  0.946905  0.873205  0.803759  0.700873  0.409622  0.364841  0.426702  0.408883  0.335649  0.191200  0.132274  0.169194  
0.960203  0.992794  0.995179  0.977614  0.953179  0.967375  0.970216  0.971582  0.964764  0.956689  0.949394  0.883840  0.815414  0.710513  0.409084  0.360160  0.429466  0.418416  0.341963  0.187464  0.128735  0.168121  
0.960808  0.992448  0.994315  0.970635  0.929991  0.952306  0.965296  0.970297  0.959345  0.942673  0.930212  0.847749  0.771444  0.663933  0.382356  0.341487  0.405553  0.388219  0.311539  0.171713  0.123848  0.160434  
0.958181  0.991523  0.993817  0.976568  0.955838  0.968809  0.972852  0.975175  0.968077  0.955569  0.943555  0.871381  0.800307  0.696144  0.408904  0.362936  0.427731  0.411282  0.333248  0.188285  0.130729  0.158793  
0.958677  0.992193  0.993746  0.973972  0.949054  0.961558  0.968917  0.972706  0.963137  0.947435  0.934241  0.855665  0.781081  0.676755  0.400062  0.357736  0.418416  0.399667  0.317883  0.172247  0.114926  0.136636  
0.961661  0.991485  0.991651  0.959164  0.917902  0.940479  0.956025  0.958866  0.932957  0.897075  0.877673  0.771470  0.692159  0.601423  0.374953  0.354472  0.406826  0.374706  0.294307  0.161922  0.114007  0.139271  
0.958234  0.989417  0.988760  0.949983  0.900203  0.906811  0.935681  0.941863  0.904696  0.869924  0.857025  0.749336  0.674428  0.577235  0.337308  0.315313  0.366378  0.332956  0.257122  0.143739  0.112022  0.149194  
0.961991  0.990497  0.987380  0.942726  0.892858  0.895232  0.924186  0.935590  0.892075  0.857578  0.859364  0.777801  0.719890  0.636534  0.396603  0.352215  0.379654  0.335472  0.253698  0.133145  0.090666  0.109657  
0.961851  0.991034  0.992660  0.966934  0.894414  0.917034  0.917442  0.928604  0.926252  0.938446  0.949310  0.921547  0.892090  0.844472  0.651155  0.555777  0.527433  0.466221  0.376952  0.203727  0.104653  0.108777  
0.940313  0.990784  0.995905  0.984553  0.963841  0.978041  0.986189  0.983833  0.968378  0.958509  0.957552  0.925121  0.903373  0.856511  0.632898  0.548414  0.562700  0.511425  0.422518  0.248986  0.158600  0.207589  
0.952814  0.987886  0.992567  0.983943  0.974994  0.978373  0.978636  0.969415  0.937677  0.928382  0.944719  0.918513  0.909141  0.862907  0.605327  0.510189  0.529189  0.468312  0.380071  0.222938  0.141750  0.166321  
0.958275  0.991157  0.994670  0.989797  0.990693  0.989452  0.988902  0.984410  0.969333  0.967307  0.975626  0.963055  0.955764  0.917868  0.655830  0.527462  0.549365  0.504842  0.416101  0.239040  0.160953  0.206664  
0.961975  0.993527  0.996515  0.990972  0.991616  0.989286  0.987960  0.983707  0.972436  0.972029  0.978007  0.963319  0.953269  0.908995  0.618162  0.479890  0.505826  0.464934  0.376865  0.214860  0.156192  0.215928  
0.970775  0.994839  0.996445  0.988793  0.986938  0.983864  0.986459  0.986610  0.979432  0.978493  0.980880  0.964630  0.949037  0.897581  0.601142  0.468837  0.489917  0.451755  0.361919  0.195860  0.133002  0.172226  
0.972032  0.995657  0.997630  0.990133  0.984025  0.982529  0.981859  0.979934  0.974235  0.976470  0.980678  0.963451  0.946801  0.896381  0.626083  0.498649  0.519484  0.479098  0.388839  0.214807  0.129394  0.148913  
0.968770  0.994773  0.997410  0.987687  0.978666  0.979606  0.979486  0.978384  0.975515  0.978401  0.982221  0.965616  0.951620  0.905358  0.629454  0.493943  0.517668  0.479096  0.385775  0.210002  0.134035  0.170481  
0.969240  0.995365  0.998087  0.989284  0.975656  0.979212  0.976325  0.974823  0.977216  0.984559  0.988809  0.977505  0.966002  0.928551  0.675000  0.529468  0.556775  0.526938  0.438253  0.246436  0.161019  0.219309  
0.962334  0.995596  0.998358  0.988974  0.965834  0.975230  0.972917  0.973156  0.980233  0.989504  0.993452  0.987069  0.979764  0.955846  0.773177  0.628401  0.632028  0.597328  0.504339  0.280812  0.146493  0.166465  
0.961754  0.995208  0.997726  0.984965  0.948395  0.961271  0.963989  0.968570  0.978101  0.989729  0.993800  0.987887  0.980721  0.957263  0.784006  0.644220  0.640004  0.613462  0.525388  0.285097  0.136730  0.146732  
0.955999  0.994970  0.997044  0.978158  0.919645  0.931954  0.947697  0.966465  0.981399  0.993116  0.996037  0.992277  0.986468  0.966843  0.802680  0.649481  0.629132  0.595350  0.509600  0.278006  0.142065  0.161781  
0.960481  0.995025  0.996592  0.975950  0.914441  0.925828  0.922523  0.950127  0.980191  0.994064  0.996657  0.992972  0.986468  0.965484  0.801130  0.662089  0.653896  0.630554  0.552743  0.313645  0.155778  0.163928  
0.963367  0.995011  0.996399  0.974044  0.908486  0.906686  0.906596  0.946367  0.980641  0.994903  0.997167  0.993721  0.986735  0.962397  0.762553  0.599889  0.595542  0.571331  0.494953  0.277418  0.150548  0.170415  
0.966902  0.995901  0.996969  0.977196  0.909462  0.898486  0.905256  0.947268  0.978991  0.994554  0.997312  0.994583  0.989058  0.968839  0.786441  0.617711  0.609205  0.586155  0.507868  0.275350  0.145980  0.172020  
0.969347  0.995586  0.996760  0.974452  0.890307  0.891538  0.898069  0.937514  0.973018  0.992929  0.996771  0.994018  0.989111  0.972202  0.824983  0.680156  0.667472  0.643220  0.562008  0.310552  0.160617  0.188051  
0.970095  0.995899  0.996602  0.973654  0.875466  0.871618  0.874431  0.928802  0.972048  0.993831  0.997819  0.996479  0.994005  0.983973  0.868759  0.727406  0.709468  0.678815  0.595401  0.326931  0.159004  0.175233  
0.961131  0.994846  0.996276  0.972971  0.884263  0.885102  0.891095  0.929819  0.967621  0.991810  0.996969  0.995252  0.992563  0.981608  0.866860  0.728186  0.707802  0.672688  0.587423  0.333364  0.167987  0.181758  
0.957295  0.994401  0.996245  0.974996  0.892389  0.884224  0.891176  0.922766  0.958976  0.990529  0.996763  0.995036  0.991922  0.978054  0.829413  0.653124  0.616862  0.567290  0.480027  0.254707  0.121713  0.129636  
0.960646  0.993002  0.993634  0.962341  0.877850  0.862611  0.874013  0.922811  0.962374  0.988628  0.994935  0.992177  0.988304  0.974157  0.855506  0.728235  0.694016  0.647153  0.551535  0.304422  0.148405  0.146044  
0.963890  0.992963  0.992894  0.961334  0.876149  0.812352  0.824190  0.905232  0.956894  0.986648  0.993656  0.990476  0.985289  0.966868  0.824341  0.690081  0.654347  0.595558  0.500460  0.275890  0.149962  0.154023  
0.965485  0.992146  0.992262  0.947171  0.876641  0.821410  0.807942  0.865613  0.931168  0.974659  0.985138  0.975365  0.962253  0.924877  0.730504  0.597885  0.566950  0.508960  0.414966  0.233440  0.141445  0.159000  
0.977368  0.993392  0.993138  0.929133  0.834277  0.803854  0.802591  0.840920  0.900655  0.952211  0.967762  0.952088  0.942146  0.927367  0.858820  0.828144  0.803185  0.741667  0.632153  0.399470  0.180983  0.142919  
0.953179  0.979815  0.952769  0.725122  0.533990  0.656835  0.656954  0.710221  0.777110  0.834308  0.860202  0.827391  0.840099  0.878460  0.873520  0.888586  0.865706  0.802385  0.692101  0.474066  0.199628  0.113398  
0.900584  0.938287  0.730925  0.420135  0.223220  0.321027  0.408830  0.589261  0.726058  0.799858  0.831299  0.822720  0.858607  0.916007  0.933567  0.959778  0.956429  0.925895  0.866825  0.703487  0.313497  0.149239  
0.698443  0.685335  0.290611  0.187957  0.151176  0.292004  0.422860  0.529569  0.629213  0.745867  0.827995  0.861227  0.913857  0.960536  0.975703  0.985183  0.983860  0.971200  0.945369  0.865250  0.506506  0.292226  
0.198938  0.402684  0.140249  0.139743  0.185798  0.261921  0.305705  0.401925  0.537726  0.641755  0.734470  0.802281  0.881883  0.947733  0.968849  0.977723  0.974174  0.956044  0.917088  0.822638  0.485254  0.266588  
0.195822  0.171988  0.140563  0.159900  0.182398  0.321753  0.427027  0.439749  0.479105  0.618529  0.746775  0.794675  0.845882  0.904749  0.928952  0.948881  0.944904  0.909625  0.843749  0.715042  0.366911  0.255005  
0.175898  0.220115  0.206363  0.164255  0.177893  0.314832  0.394557  0.420619  0.527629  0.686524  0.817824  0.874266  0.912630  0.948484  0.963126  0.975215  0.971559  0.950390  0.908964  0.786116  0.375912  0.269332  
0.251747  0.210957  0.242627  0.226106  0.278421  0.459968  0.515020  0.518362  0.600248  0.732428  0.844606  0.898280  0.929902  0.960436  0.973198  0.981731  0.976898  0.955576  0.913377  0.763991  0.329247  0.238838  
0.205468  0.184281  0.283792  0.341955  0.410691  0.565893  0.603821  0.558770  0.609082  0.760189  0.881463  0.930751  0.949739  0.967957  0.975096  0.982746  0.977862  0.954053  0.904252  0.714643  0.262786  0.228687  
0.104291  0.125324  0.256612  0.411466  0.508731  0.617863  0.695749  0.663349  0.720287  0.869793  0.946005  0.968859  0.977069  0.983300  0.981444  0.986370  0.982462  0.959206  0.908714  0.699314  0.237871  0.210937  
0.246984  0.197783  0.266074  0.519517  0.575176  0.633108  0.681989  0.678564  0.746134  0.872608  0.944904  0.966470  0.968801  0.975638  0.976864  0.983091  0.978955  0.950046  0.879402  0.636206  0.209452  0.224450  
0.396549  0.471076  0.610668  0.639429  0.684235  0.659201  0.710740  0.769239  0.852042  0.918075  0.950772  0.963852  0.971959  0.975598  0.967600  0.961756  0.939536  0.883167  0.780515  0.523590  0.213742  0.181216  
0.913048  0.992127  0.998044  0.996456  0.993866  0.990256  0.995493  0.997466  0.997720  0.997919  0.998086  0.997550  0.997076  0.994307  0.972948  0.934201  0.886165  0.810673  0.689879  0.385618  0.167013  0.157049  
0.961543  0.995377  0.998276  0.995964  0.985159  0.980631  0.990368  0.995296  0.996084  0.997351  0.998267  0.997967  0.997452  0.995428  0.980888  0.952027  0.908169  0.850497  0.746450  0.447325  0.175813  0.127205  
0.961378  0.995524  0.998554  0.997451  0.993209  0.992233  0.994605  0.996318  0.996740  0.997349  0.997822  0.996600  0.995259  0.990836  0.960165  0.918182  0.885484  0.841845  0.753978  0.485905  0.211361  0.153639  
0.971823  0.996668  0.998535  0.995822  0.991652  0.990160  0.992329  0.993467  0.992885  0.995044  0.997331  0.996893  0.996499  0.993492  0.968333  0.924491  0.889122  0.851625  0.771414  0.490683  0.204827  0.161981  
0.976154  0.996151  0.998260  0.994187  0.986239  0.981219  0.983353  0.987453  0.989418  0.993478  0.996300  0.995293  0.994256  0.989087  0.952206  0.893556  0.840650  0.777850  0.674009  0.402717  0.171546  0.127915  
0.973963  0.996670  0.998557  0.995374  0.993370  0.990305  0.990018  0.991823  0.993190  0.995711  0.997463  0.996821  0.996085  0.992328  0.962824  0.908165  0.856970  0.801623  0.702793  0.425326  0.163279  0.114579  
0.979151  0.997294  0.999032  0.995847  0.993719  0.991517  0.990307  0.990009  0.990524  0.993192  0.995971  0.995300  0.994924  0.991364  0.966145  0.923670  0.884809  0.839831  0.757353  0.500583  0.218203  0.171413  
0.984116  0.997148  0.999000  0.996088  0.991955  0.990509  0.989922  0.989703  0.989500  0.991195  0.993725  0.991473  0.990457  0.985290  0.954229  0.916009  0.879933  0.828315  0.738817  0.492109  0.241451  0.195583  
0.987572  0.996267  0.998018  0.992853  0.990360  0.992007  0.991940  0.991593  0.989982  0.986750  0.985034  0.976160  0.972600  0.965763  0.930840  0.901519  0.865949  0.810617  0.718255  0.495102  0.267646  0.214600  
0.988645  0.994783  0.997647  0.992794  0.992633  0.993965  0.994721  0.993221  0.987285  0.978467  0.973687  0.961394  0.959201  0.951055  0.905645  0.864749  0.811656  0.728793  0.617645  0.415264  0.247386  0.224577  
0.982368  0.993989  0.997551  0.993907  0.997161  0.998213  0.997868  0.995463  0.987749  0.973505  0.962748  0.945001  0.940502  0.933795  0.890626  0.850681  0.801183  0.725721  0.619868  0.438904  0.267548  0.254473  
0.978789  0.993651  0.996011  0.990153  0.993865  0.994626  0.993332  0.987778  0.970899  0.950459  0.938882  0.909194  0.889547  0.865796  0.792250  0.744335  0.686964  0.605230  0.491355  0.317860  0.186101  0.179630  
0.979643  0.992547  0.995039  0.977819  0.981394  0.986359  0.979533  0.965099  0.944945  0.920450  0.900172  0.846954  0.813989  0.790827  0.737306  0.699096  0.644542  0.573478  0.461128  0.285291  0.159699  0.159922  
0.975836  0.991279  0.992866  0.967014  0.971192  0.974422  0.965163  0.950134  0.925041  0.894814  0.876476  0.820378  0.784817  0.750550  0.668012  0.616722  0.560286  0.481841  0.368192  0.220036  0.137998  0.151225  
0.970689  0.986979  0.988701  0.949743  0.950455  0.963629  0.944386  0.916228  0.882225  0.849501  0.837112  0.774158  0.735370  0.708457  0.636787  0.594489  0.537911  0.449401  0.341663  0.214595  0.138901  0.148259  
0.976430  0.985908  0.981629  0.907493  0.925464  0.950780  0.914523  0.860378  0.808719  0.771721  0.782086  0.722546  0.678563  0.657490  0.609013  0.582240  0.531686  0.443862  0.337167  0.221801  0.151625  0.159794  
0.966400  0.981969  0.970494  0.849079  0.869501  0.915532  0.882978  0.837634  0.796271  0.762159  0.759887  0.687666  0.631652  0.612856  0.581349  0.565589  0.515718  0.428707  0.326620  0.222373  0.157708  0.165404  
0.961821  0.979062  0.963398  0.855307  0.838860  0.901804  0.880220  0.835650  0.780917  0.752630  0.760353  0.693422  0.621088  0.590510  0.554804  0.543999  0.495596  0.409787  0.313802  0.219099  0.166959  0.193241  
0.926763  0.968284  0.943553  0.839244  0.846902  0.898932  0.879555  0.840914  0.805959  0.778859  0.757244  0.677106  0.586416  0.545268  0.514731  0.499327  0.446527  0.370001  0.287623  0.214152  0.175645  0.216107  
0.902471  0.952677  0.887402  0.720963  0.821299  0.868220  0.837429  0.827006  0.837843  0.798960  0.726512  0.614717  0.525807  0.502558  0.490386  0.475390  0.410400  0.331318  0.260824  0.208003  0.184566  0.216326  
0.822500  0.922921  0.785100  0.621841  0.748373  0.784956  0.780867  0.810376  0.816016  0.758626  0.672816  0.574111  0.487898  0.455791  0.428608  0.404986  0.341773  0.272051  0.217198  0.182332  0.179620  0.216862  
0.778484  0.825965  0.659525  0.604935  0.740704  0.787077  0.774620  0.784927  0.778586  0.728103  0.653969  0.562512  0.481202  0.440816  0.399286  0.377346  0.319945  0.252643  0.210175  0.189972  0.196601  0.236430  
0.717439  0.786409  0.625921  0.572328  0.715650  0.774302  0.758453  0.764467  0.754735  0.701772  0.639706  0.563156  0.481610  0.433352  0.383884  0.357830  0.303352  0.243932  0.212931  0.205811  0.224209  0.270524  
0.345327  0.493525  0.441304  0.478749  0.587547  0.673833  0.712621  0.738497  0.726571  0.668497  0.578859  0.493059  0.434965  0.398288  0.352930  0.334270  0.284978  0.228951  0.208946  0.208046  0.230993  0.280636  
0.161964  0.389969  0.381268  0.358092  0.552369  0.653512  0.737639  0.719710  0.619536  0.533745  0.461148  0.409437  0.387766  0.365371  0.324999  0.310898  0.271465  0.225774  0.219475  0.228649  0.244370  0.285166  
0.221391  0.265732  0.267035  0.295475  0.512473  0.653477  0.683663  0.609562  0.491261  0.442497  0.413086  0.371741  0.348558  0.323299  0.281323  0.269631  0.240031  0.201581  0.197626  0.214402  0.233468  0.299651  
0.071747  0.259300  0.211580  0.194678  0.335345  0.385671  0.430555  0.435489  0.398743  0.354320  0.311673  0.277644  0.260226  0.244391  0.220650  0.219271  0.204655  0.179040  0.180986  0.198662  0.229540  0.311622  
0.104804  0.184829  0.149160  0.148035  0.293161  0.309071  0.321273  0.307654  0.271288  0.250951  0.236518  0.217861  0.207934  0.190703  0.166429  0.167316  0.158816  0.138963  0.145105  0.167500  0.203804  0.298370  
0.115385  0.162872  0.170458  0.190535  0.267298  0.279110  0.269615  0.248748  0.224048  0.221324  0.227151  0.209785  0.188533  0.162981  0.138852  0.143024  0.143374  0.129128  0.137902  0.162513  0.208838  0.338687  
0.064231  0.137011  0.140385  0.127471  0.186214  0.210097  0.193945  0.186752  0.192543  0.194095  0.189385  0.166661  0.153643  0.140177  0.124153  0.126689  0.125955  0.114387  0.127519  0.157273  0.204666  0.333611  
0.316465  0.566090  0.634346  0.504270  0.477052  0.427407  0.334110  0.351436  0.424649  0.452142  0.431127  0.340983  0.269645  0.224159  0.185665  0.177132  0.176343  0.158116  0.164916  0.167710  0.189998  0.316501  
0.782260  0.925970  0.934215  0.863744  0.767370  0.673110  0.604198  0.650577  0.685406  0.653680  0.598903  0.456162  0.349865  0.279211  0.217642  0.209199  0.220008  0.201176  0.194666  0.165501  0.166718  0.293203  
0.871109  0.951300  0.958126  0.900251  0.766297  0.681949  0.646348  0.668689  0.623570  0.592189  0.580539  0.443732  0.332279  0.259931  0.187392  0.194786  0.215386  0.192444  0.180288  0.141781  0.141810  0.289897  
0.935497  0.976306  0.981615  0.945369  0.869758  0.827504  0.805862  0.793839  0.700164  0.626389  0.616099  0.479757  0.377557  0.301290  0.208414  0.215947  0.235490  0.205575  0.187892  0.141988  0.127728  0.218760  
0.917068  0.971961  0.991149  0.988476  0.990722  0.990500  0.990601  0.980641  0.934913  0.864859  0.835485  0.774617  0.746936  0.683427  0.511069  0.459101  0.426801  0.349859  0.318281  0.258659  0.186204  0.244849  
0.904141  0.957011  0.986482  0.990960  0.997756  0.997532  0.996069  0.984769  0.919665  0.837643  0.854078  0.849638  0.872221  0.831209  0.621373  0.520077  0.462967  0.369220  0.345156  0.292066  0.211000  0.266916  
0.930324  0.968996  0.989995  0.993970  0.998853  0.998580  0.997710  0.990896  0.949329  0.892193  0.893798  0.881086  0.894029  0.844630  0.605096  0.492227  0.431291  0.351048  0.327633  0.258710  0.169419  0.210371  
0.953859  0.980016  0.994165  0.994878  0.998747  0.998555  0.997972  0.993492  0.969569  0.928399  0.915252  0.889411  0.893069  0.842798  0.615054  0.507144  0.445443  0.368514  0.343752  0.271617  0.184114  0.234640  
0.961442  0.984010  0.996550  0.996366  0.998961  0.999117  0.998760  0.996040  0.984017  0.960603  0.944557  0.911969  0.906389  0.860700  0.653813  0.549684  0.497939  0.431620  0.406763  0.327297  0.224790  0.293369  
0.951208  0.979026  0.994377  0.995609  0.998418  0.998559  0.998361  0.995950  0.984508  0.964891  0.955519  0.934227  0.920811  0.872547  0.674640  0.570147  0.509901  0.430580  0.396513  0.319771  0.214465  0.261070  
0.943768  0.974549  0.992901  0.993201  0.997673  0.998229  0.998045  0.995883  0.989079  0.981797  0.974465  0.953849  0.939535  0.891573  0.655874  0.523484  0.468051  0.418243  0.404702  0.320420  0.228501  0.334830  
0.935168  0.974356  0.990885  0.988263  0.994979  0.995583  0.994321  0.989910  0.982772  0.980395  0.976146  0.954862  0.933541  0.869180  0.597309  0.452450  0.398758  0.360350  0.358372  0.287407  0.195466  0.273081  
0.934364  0.971099  0.989448  0.988098  0.993644  0.993223  0.991927  0.990002  0.988107  0.987734  0.982840  0.963518  0.939022  0.873152  0.619140  0.477905  0.408447  0.359076  0.347447  0.268145  0.160479  0.193033  
0.941589  0.977246  0.987741  0.983858  0.989585  0.989238  0.986957  0.987149  0.988200  0.988316  0.982485  0.960170  0.925771  0.856705  0.643430  0.531712  0.465101  0.412310  0.399475  0.317931  0.193626  0.215046  
0.949949  0.987827  0.995556  0.990509  0.994467  0.992654  0.988562  0.985203  0.985662  0.989967  0.989998  0.980788  0.965119  0.915940  0.671534  0.480288  0.413701  0.386431  0.386364  0.302518  0.207159  0.317539  
0.955221  0.988709  0.995498  0.988153  0.989427  0.983648  0.972764  0.968084  0.975110  0.986819  0.988816  0.977069  0.955456  0.884221  0.575986  0.386529  0.321963  0.287472  0.276763  0.197077  0.116323  0.165265  
0.946889  0.988383  0.993299  0.982116  0.973220  0.961488  0.934014  0.953374  0.981081  0.993764  0.996252  0.993053  0.985810  0.958864  0.757819  0.555170  0.481936  0.442142  0.423895  0.286312  0.145434  0.181157  
0.934460  0.992444  0.997399  0.990077  0.981258  0.967476  0.948459  0.951395  0.973396  0.992651  0.996893  0.994943  0.990722  0.968860  0.744305  0.487410  0.414181  0.371122  0.357395  0.243773  0.138839  0.212386  
0.943981  0.986866  0.994179  0.984432  0.968219  0.955380  0.934240  0.939951  0.964793  0.989351  0.995450  0.993028  0.988050  0.964602  0.752376  0.535484  0.472284  0.424215  0.401422  0.264954  0.154780  0.237591  
0.948812  0.989936  0.995057  0.978995  0.959129  0.942729  0.932964  0.939675  0.957715  0.984671  0.992052  0.986557  0.975705  0.931387  0.642533  0.414629  0.351496  0.310588  0.287973  0.183687  0.116681  0.208874  
0.945081  0.990199  0.993611  0.973695  0.936836  0.932445  0.892546  0.904970  0.947239  0.981956  0.991689  0.986412  0.974750  0.935298  0.691720  0.502789  0.456823  0.412754  0.386352  0.244191  0.125210  0.172006  
0.940447  0.990736  0.995377  0.978101  0.951903  0.940550  0.922010  0.926898  0.953098  0.984625  0.993021  0.988584  0.979492  0.941509  0.661512  0.437155  0.394269  0.359646  0.334215  0.206689  0.127519  0.229064  
0.951090  0.990229  0.994791  0.970303  0.924488  0.905160  0.880701  0.886752  0.921921  0.973584  0.987606  0.980071  0.964195  0.906469  0.585316  0.375508  0.334523  0.302016  0.277320  0.170869  0.121973  0.260981  
0.937566  0.980215  0.977620  0.885974  0.762104  0.651405  0.586397  0.657662  0.741150  0.870768  0.929784  0.900154  0.842008  0.706651  0.363992  0.237117  0.208098  0.170629  0.142276  0.088446  0.070955  0.148076  
0.912859  0.945014  0.795531  0.323906  0.187437  0.146917  0.158727  0.199827  0.251575  0.381340  0.537688  0.536073  0.523748  0.477788  0.366393  0.298994  0.245191  0.195445  0.184918  0.159983  0.127780  0.217630  
0.590426  0.436339  0.137024  0.088869  0.146188  0.174563  0.168616  0.179330  0.218296  0.284672  0.325274  0.295954  0.277534  0.265200  0.232615  0.225857  0.204497  0.168906  0.167039  0.183581  0.182676  0.281662  
0.296629  0.300202  0.091938  0.049663  0.072659  0.096143  0.143203  0.152489  0.143004  0.181456  0.220178  0.213895  0.216470  0.220046  0.208044  0.220881  0.212657  0.194312  0.212335  0.267714  0.294640  0.310671  
0.208507  0.167767  0.072166  0.044217  0.070256  0.096878  0.121929  0.109858  0.104801  0.147602  0.193150  0.197104  0.209246  0.214722  0.200394  0.204441  0.190703  0.167196  0.173271  0.221713  0.253741  0.259990  
0.125141  0.143928  0.060575  0.044605  0.069264  0.090973  0.087594  0.079507  0.088389  0.124320  0.164302  0.168485  0.168559  0.170056  0.163633  0.173848  0.171459  0.158634  0.169504  0.213148  0.254118  0.274344  
0.089048  0.103260  0.073252  0.057925  0.090348  0.148945  0.150066  0.140493  0.158633  0.216247  0.251686  0.238161  0.226118  0.227422  0.221804  0.219197  0.207002  0.190328  0.200570  0.234793  0.236965  0.222997  
0.177390  0.140847  0.071562  0.047436  0.069800  0.106047  0.102846  0.108511  0.127778  0.166429  0.196570  0.184229  0.173787  0.179546  0.186976  0.201344  0.199900  0.190236  0.203160  0.241334  0.261446  0.244913  
0.115769  0.178860  0.082941  0.040340  0.054381  0.096923  0.102630  0.114570  0.133786  0.162690  0.183412  0.171530  0.154851  0.160471  0.164910  0.171936  0.169664  0.171615  0.199662  0.251490  0.277114  0.268100  
0.109509  0.144840  0.096939  0.058183  0.051852  0.079081  0.079831  0.083004  0.098899  0.133941  0.159025  0.149112  0.137902  0.138264  0.134392  0.143475  0.144951  0.146500  0.178172  0.231367  0.266359  0.278326  
0.305439  0.449835  0.852762  0.892332  0.889969  0.953698  0.954236  0.939865  0.943981  0.934550  0.892294  0.827384  0.777800  0.754175  0.678389  0.707429  0.710239  0.644245  0.613563  0.570922  0.396973  0.243206  
0.376536  0.574966  0.905625  0.906404  0.870927  0.955597  0.973327  0.965404  0.956116  0.943603  0.912100  0.872425  0.866732  0.873688  0.836813  0.817323  0.795640  0.761801  0.739253  0.670682  0.489150  0.340596  
0.252013  0.443397  0.772826  0.843985  0.812562  0.933122  0.946844  0.931423  0.928412  0.913924  0.876535  0.836071  0.853479  0.882915  0.871614  0.865654  0.859847  0.849426  0.829936  0.764335  0.578604  0.468948  
0.417891  0.651188  0.874544  0.867168  0.758823  0.908643  0.939775  0.937044  0.938008  0.927311  0.883653  0.826788  0.834303  0.865022  0.856020  0.848949  0.839411  0.826983  0.812125  0.730475  0.507995  0.384013  
0.403924  0.498170  0.715495  0.854102  0.796784  0.916383  0.917401  0.908399  0.912486  0.901454  0.886264  0.882036  0.891609  0.912187  0.903145  0.885137  0.864690  0.844212  0.818375  0.726676  0.485849  0.359732  
0.434614  0.704740  0.879277  0.908511  0.889273  0.953802  0.960020  0.952429  0.945015  0.921605  0.901066  0.893301  0.918341  0.940037  0.930139  0.912570  0.894522  0.876874  0.850003  0.751178  0.502415  0.384934  
0.849892  0.971211  0.988596  0.980377  0.945540  0.952871  0.961028  0.957627  0.941845  0.925750  0.923658  0.915394  0.926950  0.931284  0.894319  0.853413  0.840931  0.835454  0.815162  0.674797  0.426711  0.355324  
0.942022  0.994622  0.997886  0.993378  0.975317  0.976582  0.981439  0.983044  0.982133  0.981058  0.981000  0.968476  0.955174  0.929888  0.843896  0.780114  0.788972  0.810864  0.805791  0.664536  0.391568  0.250219  
0.960571  0.996496  0.998803  0.996722  0.989301  0.988669  0.990015  0.987656  0.981049  0.978452  0.980887  0.970081  0.961188  0.938080  0.840364  0.775053  0.783805  0.800606  0.790372  0.639545  0.382262  0.273430  
0.962601  0.995108  0.998259  0.993970  0.985359  0.989958  0.991932  0.989555  0.984315  0.981761  0.982689  0.971962  0.967135  0.951167  0.867470  0.798763  0.796328  0.812693  0.798896  0.642763  0.366484  0.265677  
0.966015  0.995211  0.998336  0.994266  0.986664  0.991134  0.993537  0.992548  0.988822  0.985133  0.983166  0.972590  0.967837  0.957324  0.900072  0.847161  0.832351  0.836207  0.818747  0.679417  0.411733  0.306516  
0.969706  0.996594  0.998953  0.995916  0.992046  0.994895  0.995583  0.993626  0.989097  0.984916  0.984764  0.978250  0.976660  0.971726  0.939860  0.900281  0.885829  0.890858  0.877617  0.761303  0.470736  0.347078  
0.973374  0.996728  0.998584  0.993425  0.985240  0.990142  0.991439  0.986889  0.974110  0.962759  0.964594  0.951691  0.950493  0.943823  0.897448  0.852935  0.840992  0.849128  0.833556  0.697353  0.411925  0.301843  
0.979908  0.996277  0.997776  0.983708  0.946165  0.956052  0.951348  0.929381  0.895079  0.894807  0.905332  0.862432  0.842694  0.832440  0.776069  0.761143  0.749552  0.736569  0.700910  0.558793  0.318137  0.238789  
0.970923  0.986448  0.974033  0.766266  0.713815  0.790648  0.797578  0.747146  0.712109  0.737891  0.765666  0.728342  0.750193  0.803089  0.811662  0.826690  0.816711  0.797233  0.781633  0.703278  0.439519  0.270609  
0.305986  0.628717  0.219712  0.122051  0.291568  0.324164  0.335877  0.336908  0.387248  0.366244  0.318848  0.295738  0.322906  0.411285  0.479085  0.517371  0.521115  0.510193  0.525486  0.565634  0.435457  0.316940  
0.188886  0.312434  0.113808  0.092410  0.223029  0.189864  0.156961  0.142594  0.164216  0.187423  0.204489  0.202022  0.206640  0.246344  0.289887  0.322239  0.345484  0.356531  0.385090  0.464697  0.400314  0.260494  
0.237957  0.416170  0.279370  0.177455  0.271591  0.340618  0.260868  0.206275  0.209878  0.217634  0.226044  0.198711  0.192928  0.220932  0.243134  0.256534  0.286703  0.320708  0.365482  0.406565  0.342025  0.239922  
0.331539  0.563598  0.431774  0.293549  0.409356  0.522394  0.429236  0.362330  0.362297  0.319829  0.286124  0.224191  0.216227  0.252666  0.269010  0.284775  0.326428  0.358755  0.398101  0.415707  0.348575  0.235992  
0.329496  0.433415  0.266041  0.193042  0.256408  0.465857  0.427956  0.342558  0.296591  0.253366  0.236000  0.190271  0.192450  0.223151  0.226234  0.233422  0.264530  0.294623  0.341601  0.381015  0.334042  0.241498  
0.355010  0.339413  0.255816  0.218035  0.288551  0.491545  0.474758  0.377957  0.301753  0.260777  0.240244  0.194962  0.200081  0.236818  0.241228  0.258926  0.289616  0.310725  0.349716  0.380161  0.336470  0.253374  
0.298570  0.278677  0.172154  0.176066  0.236463  0.378786  0.364265  0.296403  0.240880  0.216196  0.210845  0.181378  0.184780  0.213856  0.213990  0.231252  0.259688  0.278247  0.312238  0.346957  0.321786  0.257537  
0.400293  0.531426  0.588538  0.478470  0.467248  0.616268  0.557609  0.500791  0.457645  0.408211  0.305716  0.217460  0.146300  0.130325  0.119952  0.142248  0.168612  0.195234  0.242281  0.218982  0.149224  0.096509  
0.300093  0.492843  0.405340  0.249901  0.267473  0.343341  0.400968  0.298075  0.196831  0.208126  0.225443  0.217157  0.255054  0.284699  0.262643  0.239489  0.224240  0.231131  0.272191  0.267011  0.224002  0.156481  
0.267511  0.444549  0.291853  0.257237  0.286339  0.290806  0.329219  0.344780  0.317353  0.330143  0.314245  0.288039  0.253472  0.245137  0.244665  0.249341  0.233542  0.218697  0.220626  0.219751  0.180324  0.157105  
0.118991  0.237194  0.234486  0.190666  0.243121  0.301995  0.382286  0.397799  0.391741  0.413280  0.358643  0.296625  0.281757  0.270868  0.223521  0.216354  0.197023  0.178164  0.175898  0.165691  0.131198  0.149951  
0.535889  0.797370  0.836701  0.689458  0.609089  0.617957  0.560103  0.554110  0.621485  0.715417  0.713144  0.613020  0.526827  0.461342  0.351863  0.313587  0.302350  0.292400  0.290493  0.234969  0.163696  0.179324  
0.887451  0.984357  0.988296  0.951721  0.856772  0.826089  0.784877  0.782404  0.821320  0.892360  0.918494  0.875058  0.815826  0.741447  0.575889  0.489603  0.487916  0.489630  0.466764  0.328988  0.164583  0.137874  
0.949010  0.992141  0.996323  0.983512  0.923187  0.913793  0.904093  0.891142  0.892298  0.950285  0.970660  0.952259  0.914579  0.850134  0.680188  0.558443  0.533495  0.530255  0.503568  0.352543  0.166682  0.140340  
0.947023  0.993578  0.996164  0.980777  0.938154  0.917067  0.846614  0.798832  0.820110  0.906673  0.948486  0.925430  0.881458  0.816763  0.657096  0.557833  0.550261  0.539647  0.502082  0.343928  0.157846  0.121372  
0.942768  0.991960  0.996293  0.975106  0.919513  0.918042  0.861949  0.791654  0.808861  0.916764  0.955749  0.932399  0.891800  0.822015  0.629812  0.496147  0.459383  0.439935  0.402413  0.269319  0.128810  0.125126  
0.948355  0.992482  0.994724  0.968164  0.909301  0.898226  0.852951  0.830348  0.859562  0.931147  0.956352  0.930050  0.882790  0.819831  0.672714  0.561502  0.518501  0.497825  0.449024  0.300177  0.141052  0.125626  
0.952643  0.993177  0.995667  0.969440  0.909951  0.900464  0.827563  0.781525  0.823688  0.917451  0.952204  0.925885  0.878819  0.816411  0.666195  0.552101  0.508168  0.480043  0.424317  0.274237  0.123441  0.113230  
0.959156  0.992738  0.992964  0.943951  0.828353  0.824257  0.716921  0.680023  0.739321  0.853433  0.908369  0.867773  0.799371  0.739685  0.619066  0.525005  0.483383  0.451082  0.389124  0.246628  0.111575  0.104518  
0.955735  0.987289  0.983585  0.856676  0.694794  0.711183  0.581004  0.518136  0.601948  0.737238  0.800123  0.725765  0.656354  0.623810  0.548533  0.482620  0.435037  0.396311  0.341738  0.237988  0.117083  0.109018  
0.921479  0.972589  0.947151  0.650992  0.658987  0.761234  0.649170  0.596664  0.696711  0.761829  0.752102  0.651967  0.580542  0.588971  0.600233  0.579418  0.516353  0.453550  0.397423  0.311208  0.146877  0.115604  
0.707240  0.827253  0.588101  0.316715  0.351369  0.518529  0.616071  0.647011  0.675418  0.723507  0.701492  0.644745  0.643805  0.729331  0.796271  0.849159  0.833808  0.776762  0.720661  0.616201  0.261900  0.124393  
0.579843  0.432205  0.323671  0.259664  0.412307  0.624506  0.681615  0.667609  0.669606  0.719939  0.737805  0.740892  0.794675  0.893074  0.940708  0.964639  0.962209  0.943571  0.916121  0.849039  0.447306  0.179043  
0.401590  0.323324  0.280138  0.194888  0.313412  0.479241  0.621464  0.611171  0.590240  0.688107  0.756170  0.785715  0.851160  0.929829  0.964327  0.981328  0.980082  0.966040  0.944618  0.891750  0.513829  0.194943  
0.267682  0.253682  0.279387  0.278207  0.344222  0.522830  0.700080  0.670212  0.636902  0.753572  0.811360  0.829450  0.893106  0.957505  0.980592  0.991551  0.991876  0.985573  0.974283  0.943734  0.627760  0.256875  
0.246992  0.231343  0.269554  0.344221  0.555238  0.666541  0.733667  0.707514  0.740971  0.825302  0.858709  0.877283  0.932735  0.977899  0.991221  0.996304  0.996463  0.993661  0.987619  0.969332  0.718463  0.284495  
0.136477  0.176125  0.243060  0.244162  0.314235  0.446591  0.556668  0.564135  0.629495  0.764135  0.823627  0.850836  0.914402  0.971578  0.988937  0.995571  0.995838  0.992332  0.985165  0.964025  0.697061  0.291729  
0.232179  0.272549  0.288588  0.249495  0.325119  0.536788  0.658735  0.658381  0.678303  0.775986  0.843673  0.884769  0.944215  0.984976  0.994717  0.997764  0.997697  0.995681  0.991271  0.975747  0.738473  0.319677  
0.206929  0.228638  0.372329  0.328393  0.357357  0.490775  0.537484  0.517070  0.614674  0.778928  0.869336  0.910710  0.959411  0.988583  0.995686  0.998112  0.998013  0.996084  0.991823  0.977165  0.736039  0.326457  
0.175277  0.250443  0.283613  0.246715  0.337506  0.584103  0.624457  0.554531  0.570030  0.710217  0.815553  0.874634  0.943800  0.985903  0.995064  0.997688  0.997431  0.995017  0.989818  0.971262  0.704671  0.314399  
0.133550  0.291536  0.308534  0.219221  0.251466  0.515039  0.680757  0.673760  0.646362  0.750680  0.848954  0.901272  0.950581  0.986076  0.994715  0.997225  0.996699  0.993884  0.988415  0.969586  0.704910  0.328395  
0.100844  0.213541  0.150000  0.104263  0.175252  0.312993  0.415176  0.451279  0.478733  0.603480  0.732352  0.825894  0.905039  0.970367  0.987971  0.992788  0.990794  0.983771  0.971976  0.937834  0.617549  0.291054  
0.096526  0.229665  0.085986  0.055482  0.093882  0.120814  0.101570  0.140894  0.210919  0.263319  0.341963  0.433411  0.517247  0.741028  0.866974  0.897038  0.884785  0.843365  0.790573  0.725434  0.400266  0.210123  
0.063301  0.173744  0.068033  0.049454  0.096206  0.093694  0.077005  0.098095  0.138373  0.168330  0.207001  0.242130  0.250558  0.335531  0.429476  0.433663  0.405126  0.363444  0.330322  0.317147  0.186201  0.145949  
0.204579  0.318348  0.091433  0.038735  0.094665  0.096497  0.067224  0.086019  0.131987  0.156205  0.168420  0.168447  0.154121  0.177528  0.210881  0.216977  0.204098  0.194654  0.201247  0.208683  0.161961  0.160871  
0.128592  0.264502  0.094609  0.033468  0.068846  0.083828  0.051283  0.055555  0.089028  0.116310  0.130073  0.130934  0.115706  0.122548  0.135342  0.127574  0.118259  0.125418  0.162426  0.189643  0.150959  0.132182  
0.076882  0.214106  0.074292  0.028922  0.051895  0.059049  0.060518  0.076557  0.091866  0.108082  0.113116  0.110725  0.091612  0.094056  0.104866  0.106074  0.104091  0.113147  0.148995  0.183015  0.154610  0.129106  
0.167448  0.236504  0.071211  0.035354  0.061441  0.069525  0.065585  0.085063  0.106441  0.123786  0.120643  0.108985  0.088460  0.087767  0.093974  0.104539  0.109303  0.120739  0.157820  0.187694  0.169795  0.148595  
0.087572  0.176539  0.072921  0.039390  0.055397  0.077727  0.084958  0.084028  0.082876  0.105657  0.114895  0.110778  0.095440  0.095816  0.103792  0.118087  0.123671  0.131363  0.169589  0.204323  0.178415  0.165348  
0.081514  0.177306  0.077413  0.053775  0.064225  0.074944  0.065427  0.070660  0.090866  0.124035  0.132579  0.121295  0.105504  0.106012  0.114294  0.137765  0.148995  0.153408  0.189864  0.216356  0.198496  0.210265  
0.048821  0.114392  0.066340  0.046644  0.065582  0.093904  0.080238  0.081049  0.098027  0.134515  0.148894  0.138873  0.116506  0.116713  0.132135  0.151338  0.157464  0.152395  0.180812  0.207110  0.183199  0.181309  
0.023052  0.098677  0.055181  0.038807  0.057061  0.091520  0.107424  0.138489  0.150548  0.169144  0.161781  0.147531  0.115232  0.115805  0.139609  0.166740  0.176338  0.175543  0.202556  0.215228  0.189023  0.177636  
0.016061  0.077622  0.046216  0.029596  0.045740  0.070902  0.081954  0.109243  0.129265  0.150182  0.145767  0.134563  0.106245  0.107179  0.131043  0.158481  0.168401  0.166050  0.191005  0.210944  0.189838  0.176946  
0.023514  0.062101  0.103385  0.068445  0.083128  0.125701  0.130298  0.145260  0.140292  0.141315  0.106741  0.098950  0.068181  0.058171  0.061442  0.075008  0.076697  0.074076  0.088413  0.080373  0.057896  0.050220  
0.039149  0.146307  0.157189  0.100746  0.090578  0.173551  0.202256  0.158016  0.109339  0.123148  0.105776  0.096923  0.073583  0.064339  0.064292  0.086490  0.099070  0.096648  0.118627  0.104812  0.058422  0.045103  
0.091598  0.217270  0.316809  0.237541  0.271724  0.406419  0.477402  0.413647  0.374652  0.486509  0.494231  0.478533  0.505307  0.535249  0.531571  0.565820  0.517301  0.443497  0.422977  0.358483  0.166561  0.104261  
0.161952  0.325444  0.307402  0.396466  0.550364  0.595300  0.595467  0.624564  0.704918  0.768197  0.747602  0.721192  0.666769  0.645859  0.649464  0.683409  0.662957  0.598515  0.566034  0.456542  0.215344  0.151217  
0.133425  0.290557  0.392776  0.416953  0.490939  0.610478  0.670365  0.674176  0.678152  0.728750  0.746099  0.753979  0.715109  0.704712  0.712447  0.726791  0.687502  0.622780  0.563147  0.432108  0.218239  0.198332  
0.110428  0.337083  0.386137  0.366609  0.561470  0.719148  0.750242  0.744769  0.792150  0.834478  0.830863  0.813246  0.804384  0.799270  0.764697  0.753984  0.713650  0.655894  0.612607  0.514923  0.300545  0.228545  
0.475210  0.684141  0.772976  0.719029  0.788995  0.851308  0.853070  0.875781  0.929004  0.952032  0.943568  0.913675  0.892595  0.860153  0.772939  0.740959  0.704372  0.658996  0.625250  0.517702  0.326349  0.248077  
0.924070  0.987132  0.987469  0.965555  0.949392  0.947424  0.950520  0.956158  0.963763  0.970688  0.969654  0.945750  0.927146  0.893991  0.785136  0.757888  0.764792  0.750339  0.728969  0.575814  0.342311  0.251216  
0.962168  0.992382  0.993890  0.977770  0.940264  0.947384  0.960916  0.971072  0.975470  0.982492  0.985342  0.973347  0.958639  0.931126  0.843365  0.818044  0.833806  0.837813  0.820251  0.679363  0.416613  0.288771  
0.958086  0.992183  0.994289  0.979734  0.964299  0.977638  0.980669  0.979439  0.975352  0.975937  0.976268  0.953207  0.931973  0.897649  0.770705  0.751602  0.787566  0.793593  0.772174  0.629083  0.411368  0.330260  
0.963807  0.993086  0.995080  0.976536  0.954672  0.959006  0.948510  0.955585  0.971877  0.984682  0.987674  0.976660  0.960698  0.930783  0.810826  0.767161  0.780750  0.774489  0.752221  0.606200  0.397483  0.338576  
0.951895  0.991716  0.994808  0.978884  0.964331  0.978159  0.974863  0.976844  0.986181  0.992441  0.994138  0.987128  0.977741  0.954659  0.839078  0.796286  0.830981  0.843793  0.832627  0.700848  0.440438  0.324789  
0.957241  0.993974  0.996575  0.985308  0.971726  0.982037  0.984755  0.987119  0.990606  0.994825  0.996286  0.991822  0.985200  0.966106  0.843668  0.785243  0.825070  0.836834  0.825203  0.695090  0.479516  0.411837  
0.962812  0.994425  0.997117  0.984388  0.975272  0.984754  0.987979  0.988566  0.989924  0.993455  0.994617  0.988103  0.979823  0.957137  0.829263  0.764569  0.789851  0.796197  0.773311  0.610514  0.380878  0.331328  
0.968274  0.994047  0.993951  0.967380  0.950381  0.969774  0.979734  0.984225  0.984857  0.986869  0.986955  0.972036  0.954885  0.923726  0.807421  0.771456  0.789279  0.791264  0.761803  0.587236  0.329711  0.235586  
0.975357  0.994555  0.993842  0.953902  0.924868  0.935901  0.932535  0.947130  0.962701  0.973993  0.978614  0.962944  0.946866  0.922281  0.833110  0.800793  0.803073  0.790040  0.757223  0.596483  0.368763  0.295324  
0.971974  0.992935  0.991523  0.941704  0.898770  0.945645  0.956196  0.955243  0.946043  0.952815  0.963628  0.945187  0.933281  0.910093  0.804179  0.756735  0.751735  0.734180  0.706052  0.558766  0.362109  0.323701  
0.965020  0.986411  0.970420  0.832736  0.804327  0.861485  0.874182  0.850890  0.828653  0.864163  0.898474  0.868526  0.860676  0.844613  0.756282  0.737178  0.732732  0.712650  0.696531  0.603210  0.420003  0.351546  
0.958155  0.983861  0.942940  0.711879  0.755913  0.800975  0.774730  0.755429  0.748582  0.773023  0.808438  0.767562  0.753655  0.758834  0.728795  0.732578  0.726171  0.704538  0.685553  0.604581  0.431618  0.337811  
0.932162  0.972041  0.912125  0.670646  0.664817  0.726985  0.728457  0.696088  0.669751  0.718063  0.769529  0.730414  0.723128  0.726831  0.692375  0.704897  0.703123  0.679515  0.666564  0.596737  0.433090  0.342671  
0.932456  0.971721  0.902981  0.630378  0.673515  0.722461  0.692317  0.650738  0.661376  0.751975  0.824291  0.808571  0.814610  0.819477  0.779802  0.777712  0.764112  0.733613  0.715723  0.646425  0.460938  0.348377  
0.937249  0.958182  0.855082  0.578543  0.638477  0.691626  0.646528  0.564261  0.543356  0.616574  0.692620  0.661581  0.665155  0.675634  0.652271  0.673712  0.669262  0.635844  0.619502  0.572231  0.431155  0.335404  
0.896800  0.941983  0.805343  0.521699  0.519354  0.646177  0.654725  0.571140  0.512445  0.577175  0.631956  0.568667  0.539829  0.535140  0.512615  0.558954  0.576780  0.551119  0.550102  0.522854  0.410468  0.346717  
0.852936  0.909924  0.563754  0.229594  0.379724  0.457118  0.446839  0.405517  0.391066  0.443984  0.474890  0.413452  0.392276  0.400130  0.403439  0.464474  0.486888  0.456056  0.457633  0.458369  0.383654  0.304897  
0.734994  0.749451  0.232557  0.091927  0.199775  0.300176  0.293789  0.233511  0.195342  0.243453  0.302138  0.283539  0.277744  0.282597  0.282862  0.333762  0.355112  0.330014  0.336177  0.366459  0.340493  0.296556  
0.370568  0.486962  0.144940  0.064709  0.125691  0.199071  0.239987  0.211177  0.170167  0.209533  0.255364  0.243686  0.230382  0.227207  0.223700  0.264568  0.282730  0.271492  0.291090  0.331981  0.329657  0.315544  
0.334533  0.353036  0.127113  0.053194  0.124847  0.212147  0.228292  0.178259  0.142809  0.182264  0.228908  0.224564  0.217561  0.217449  0.216847  0.254889  0.269101  0.260207  0.282222  0.323630  0.325335  0.326781  
0.074456  0.199311  0.066937  0.036443  0.113000  0.153173  0.174936  0.173174  0.164257  0.190759  0.203911  0.198005  0.181344  0.180313  0.189025  0.222292  0.239554  0.244119  0.272662  0.311925  0.316152  0.307665  
0.118577  0.269692  0.086296  0.048409  0.134880  0.165400  0.128160  0.116012  0.139553  0.173154  0.183316  0.169599  0.157435  0.158362  0.168500  0.204071  0.232333  0.245772  0.281617  0.323924  0.335928  0.333785  
0.147104  0.175816  0.056658  0.027978  0.067802  0.119776  0.085962  0.075463  0.099369  0.139287  0.161659  0.146689  0.133064  0.135417  0.151849  0.186123  0.213111  0.223705  0.261543  0.315105  0.345217  0.336248  
0.032525  0.124830  0.063696  0.025739  0.053591  0.106050  0.100820  0.092375  0.103998  0.135615  0.154727  0.145297  0.125718  0.126711  0.144748  0.173011  0.197330  0.211178  0.250608  0.298015  0.319702  0.326494  
0.057393  0.138807  0.069191  0.040090  0.085167  0.132568  0.086956  0.079256  0.111710  0.150386  0.162972  0.147652  0.126595  0.124666  0.137790  0.162098  0.188357  0.203939  0.238820  0.277265  0.303863  0.325311  
0.023927  0.104919  0.057600  0.026914  0.065114  0.127336  0.101704  0.089575  0.106159  0.133406  0.141532  0.131819  0.109381  0.109214  0.127449  0.145334  0.165580  0.179199  0.213308  0.252691  0.269352  0.277829  
0.032232  0.113927  0.050595  0.015115  0.034653  0.082237  0.071179  0.068287  0.086569  0.114633  0.129731  0.121660  0.099696  0.101319  0.123199  0.144362  0.163831  0.174140  0.211972  0.265536  0.291424  0.292026  
0.080937  0.196115  0.065348  0.014602  0.029702  0.071128  0.080727  0.073904  0.073660  0.096219  0.116234  0.113533  0.100248  0.102441  0.121872  0.148746  0.167020  0.171305  0.206335  0.253116  0.279437  0.296131  
0.167584  0.209756  0.054121  0.012559  0.029703  0.060771  0.050573  0.052075  0.071754  0.101522  0.121646  0.114773  0.097327  0.096388  0.113745  0.137031  0.154817  0.157585  0.191283  0.246914  0.282761  0.285634  
0.066850  0.197062  0.059939  0.014861  0.025430  0.065593  0.086022  0.082776  0.078842  0.099221  0.111860  0.104587  0.089823  0.090860  0.108229  0.136891  0.159593  0.170704  0.210900  0.252827  0.277884  0.303641  
0.031064  0.160492  0.087067  0.027810  0.045971  0.139977  0.155390  0.143510  0.148781  0.174218  0.187868  0.166877  0.132413  0.132304  0.158503  0.182147  0.215158  0.216564  0.245823  0.292989  0.285372  0.244305  
0.091147  0.285797  0.161769  0.093582  0.137709  0.385301  0.378035  0.362701  0.398054  0.415379  0.396304  0.323800  0.266343  0.259788  0.274902  0.313761  0.372660  0.383870  0.403575  0.412748  0.375273  0.340459  
0.211032  0.277630  0.099034  0.053634  0.078796  0.238213  0.230682  0.198843  0.197598  0.220609  0.226198  0.185462  0.166636  0.170109  0.191109  0.237004  0.295069  0.310175  0.329345  0.338910  0.327754  0.324537  
0.119577  0.251377  0.094519  0.042479  0.050255  0.210241  0.169439  0.132510  0.151338  0.180368  0.188582  0.147862  0.131804  0.133341  0.148438  0.176476  0.226907  0.255230  0.287687  0.309558  0.313786  0.348820  
0.070748  0.122990  0.045114  0.022909  0.037210  0.101989  0.073974  0.058949  0.075701  0.108249  0.129937  0.112847  0.103173  0.103791  0.120904  0.144650  0.187697  0.207286  0.234956  0.273719  0.287613  0.296990  
0.104302  0.093913  0.028432  0.016069  0.019911  0.062264  0.057847  0.047524  0.051557  0.076914  0.105790  0.094360  0.087598  0.085042  0.090425  0.110943  0.147788  0.164840  0.198778  0.232073  0.274176  0.312809  
0.169576  0.121880  0.029858  0.018817  0.018664  0.053609  0.047116  0.047277  0.061185  0.093608  0.114852  0.096983  0.081039  0.070898  0.071407  0.082452  0.103487  0.113159  0.135009  0.159952  0.210260  0.273103  
0.064416  0.080089  0.030361  0.018950  0.021866  0.050003  0.044212  0.040845  0.052836  0.087027  0.112455  0.101676  0.088972  0.076660  0.074583  0.082280  0.097907  0.102330  0.117681  0.138914  0.187997  0.270679  
0.030163  0.084914  0.034873  0.017388  0.031065  0.039091  0.038233  0.046536  0.067935  0.096975  0.111928  0.105183  0.094408  0.089745  0.104289  0.135479  0.169907  0.179563  0.192592  0.209533  0.256303  0.311575  
0.056737  0.066772  0.021499  0.012693  0.028365  0.037336  0.041554  0.049654  0.062617  0.089110  0.104567  0.098695  0.090764  0.087902  0.104298  0.137055  0.169580  0.175055  0.184815  0.210836  0.261033  0.289721  
0.044145  0.083154  0.034925  0.016913  0.022205  0.035688  0.032883  0.036184  0.053939  0.085513  0.108928  0.101310  0.092100  0.089181  0.106213  0.144893  0.187358  0.203993  0.226298  0.262080  0.325799  0.382294  
0.041718  0.060168  0.032575  0.014528  0.020451  0.041936  0.042883  0.036898  0.041874  0.069240  0.096205  0.091973  0.091321  0.089426  0.101293  0.132457  0.161804  0.167616  0.183523  0.211655  0.283224  0.374730  
0.069118  0.211311  0.191598  0.072104  0.062584  0.102060  0.089639  0.086309  0.121865  0.195310  0.221634  0.187454  0.153390  0.140270  0.166248  0.198596  0.232150  0.233665  0.237089  0.230279  0.252978  0.331080  
0.053799  0.139302  0.085301  0.035034  0.041576  0.071757  0.085264  0.096715  0.110281  0.149878  0.166250  0.142308  0.115260  0.113944  0.147996  0.193169  0.233413  0.232644  0.223432  0.213860  0.237090  0.299978  
0.037167  0.077798  0.061813  0.022509  0.034558  0.071775  0.051881  0.043123  0.061921  0.101965  0.126802  0.112073  0.097199  0.102891  0.142568  0.181465  0.216578  0.209197  0.198984  0.206811  0.232379  0.300116  
0.019508  0.049393  0.030251  0.015782  0.023710  0.044707  0.039951  0.045869  0.070406  0.102371  0.122141  0.112351  0.094867  0.100795  0.141419  0.187175  0.230247  0.230140  0.227576  0.246298  0.293398  0.360477  
0.057747  0.072135  0.019527  0.011187  0.027677  0.041496  0.047186  0.061273  0.078492  0.099868  0.115899  0.109693  0.099004  0.103127  0.128201  0.162842  0.193030  0.192094  0.195126  0.225176  0.294878  0.357683  
0.091393  0.104650  0.063005  0.034658  0.042234  0.079419  0.082957  0.096107  0.093797  0.121455  0.141435  0.126484  0.095031  0.081623  0.083121  0.092857  0.107196  0.108649  0.109656  0.111716  0.141874  0.215098  
0.016539  0.051789  0.028457  0.014718  0.038996  0.067725  0.065438  0.069770  0.076723  0.087818  0.082389  0.073645  0.062465  0.052825  0.050842  0.047497  0.047424  0.047917  0.054344  0.063482  0.084731  0.141166  
0.011592  0.026029  0.022229  0.013311  0.026754  0.061193  0.065608  0.072321  0.081230  0.096466  0.095836  0.085074  0.069142  0.061601  0.067202  0.068546  0.072003  0.073418  0.078965  0.091135  0.116133  0.197475  
0.007936  0.019168  0.014410  0.008750  0.027603  0.046313  0.070140  0.075048  0.065649  0.072945  0.081592  0.081110  0.076262  0.081564  0.110134  0.148151  0.175827  0.179903  0.177667  0.198110  0.218267  0.286749  
0.008563  0.015933  0.009144  0.006373  0.019887  0.044113  0.046699  0.049330  0.057904  0.072224  0.084879  0.082177  0.073108  0.078127  0.109556  0.144015  0.174825  0.184131  0.185496  0.222106  0.248872  0.308551  
0.004012  0.015333  0.009034  0.005041  0.012259  0.028732  0.048425  0.054409  0.050162  0.058712  0.067841  0.067730  0.063890  0.069833  0.101588  0.139554  0.169690  0.176797  0.177226  0.205361  0.228643  0.296029  
0.010428  0.017021  0.014326  0.009573  0.015960  0.030251  0.039337  0.035989  0.033204  0.046410  0.063345  0.066315  0.066201  0.067726  0.087939  0.118521  0.146026  0.147996  0.143868  0.166631  0.197375  0.292496  
0.007910  0.027079  0.011330  0.008504  0.011228  0.021964  0.038473  0.035347  0.026210  0.035537  0.054500  0.062259  0.062792  0.063584  0.079875  0.110649  0.142334  0.148793  0.151578  0.179534  0.216134  0.312212  
0.010115  0.031395  0.009809  0.007810  0.017559  0.034414  0.065830  0.054812  0.031105  0.036282  0.052404  0.061159  0.062810  0.065090  0.082491  0.115899  0.147941  0.156109  0.158096  0.187643  0.217215  0.288328  
0.012731  0.033347  0.009612  0.007570  0.015810  0.023772  0.042320  0.044285  0.033311  0.040281  0.053178  0.057199  0.058927  0.059644  0.071103  0.095890  0.121092  0.127435  0.131074  0.165832  0.214530  0.291626  
0.014945  0.025568  0.006953  0.006030  0.013033  0.019377  0.035168  0.034200  0.025213  0.032880  0.045675  0.051230  0.053967  0.053443  0.063568  0.083064  0.103237  0.105912  0.112728  0.149744  0.196183  0.252124  
0.012924  0.026126  0.007417  0.006094  0.013546  0.020118  0.028782  0.024080  0.019878  0.027763  0.041480  0.046761  0.051444  0.053012  0.065808  0.093504  0.123602  0.129393  0.140349  0.185048  0.239285  0.291738  
0.006320  0.024213  0.010918  0.006191  0.011800  0.016236  0.022905  0.021415  0.021580  0.030765  0.041360  0.044221  0.047765  0.048823  0.059754  0.077562  0.098251  0.102698  0.115077  0.159212  0.208150  0.260044  
0.026419  0.040433  0.009245  0.005846  0.010596  0.016038  0.019152  0.018121  0.020741  0.031004  0.042424  0.042299  0.045806  0.046914  0.055982  0.072235  0.093149  0.096025  0.109918  0.153667  0.207570  0.248204  
0.039518  0.067307  0.010784  0.007015  0.014122  0.023679  0.031634  0.034327  0.038362  0.051255  0.057291  0.052956  0.053843  0.054805  0.067497  0.089331  0.111951  0.117938  0.130167  0.177038  0.218554  0.245372  
0.028035  0.078186  0.014912  0.007161  0.019646  0.027694  0.029287  0.030991  0.040232  0.054961  0.062209  0.059546  0.062302  0.060416  0.063433  0.076350  0.090255  0.099246  0.116439  0.163523  0.216893  0.260489  
0.071646  0.062288  0.013505  0.009708  0.017404  0.019703  0.025878  0.033471  0.040085  0.056988  0.069972  0.068865  0.067578  0.060582  0.062177  0.082365  0.101034  0.106737  0.120823  0.163673  0.223000  0.250457  
0.103105  0.091342  0.020324  0.015381  0.026405  0.031222  0.036591  0.040523  0.044413  0.061508  0.075500  0.073862  0.071532  0.063867  0.064617  0.087241  0.111077  0.122639  0.144233  0.194868  0.246802  0.262720  
0.104653  0.088547  0.015903  0.009257  0.019617  0.027526  0.032363  0.032501  0.034928  0.051031  0.064041  0.062998  0.062864  0.055944  0.054503  0.065758  0.077942  0.084287  0.106223  0.165464  0.222060  0.226875  
0.046664  0.102221  0.017316  0.006895  0.013500  0.017580  0.024207  0.030496  0.038245  0.054393  0.063502  0.062217  0.061020  0.054720  0.053724  0.062839  0.071809  0.077785  0.101648  0.162965  0.223373  0.226161  
0.022887  0.063457  0.023104  0.011332  0.008753  0.012134  0.017044  0.022643  0.032955  0.054041  0.066486  0.061885  0.056130  0.047515  0.047589  0.055876  0.067085  0.071281  0.091834  0.145743  0.206544  0.231620  
0.045727  0.090279  0.021423  0.010004  0.008001  0.011983  0.016228  0.023003  0.035826  0.058030  0.070474  0.063177  0.058257  0.052599  0.056676  0.072919  0.091516  0.098325  0.120630  0.180400  0.251752  0.285548  
0.084481  0.070906  0.023372  0.013197  0.007000  0.010353  0.016264  0.024145  0.034941  0.061445  0.078072  0.069908  0.063293  0.052899  0.052002  0.065501  0.078625  0.078434  0.093250  0.136909  0.205693  0.254700  
0.055463  0.065815  0.012610  0.007029  0.008502  0.010787  0.015416  0.019903  0.027350  0.045820  0.057391  0.055739  0.055342  0.050456  0.054699  0.070301  0.084029  0.082928  0.097036  0.144505  0.211448  0.230574  
0.051844  0.072177  0.013941  0.006970  0.010517  0.018535  0.022438  0.022192  0.027606  0.044935  0.057317  0.055329  0.056449  0.054490  0.060126  0.077438  0.093888  0.096877  0.113559  0.163525  0.228020  0.255808  
0.019314  0.052556  0.018407  0.006335  0.009326  0.016359  0.020717  0.017979  0.021089  0.037263  0.053313  0.055942  0.058895  0.056725  0.061111  0.074936  0.086447  0.085271  0.100228  0.148492  0.207688  0.240186  
0.134709  0.098227  0.014952  0.007647  0.008701  0.013320  0.017576  0.023986  0.034772  0.057394  0.070954  0.065245  0.061361  0.056493  0.060100  0.077729  0.092674  0.090442  0.101960  0.146225  0.212789  0.234031  
0.040192  0.059804  0.011212  0.007058  0.009699  0.012946  0.018985  0.022547  0.028297  0.046120  0.057244  0.055771  0.055549  0.053136  0.059884  0.081445  0.101993  0.103652  0.115499  0.157231  0.217154  0.233155  
0.093967  0.103548  0.018255  0.008610  0.008163  0.013185  0.015543  0.017487  0.026117  0.048214  0.064005  0.059580  0.059358  0.056713  0.061891  0.083209  0.102905  0.101557  0.113396  0.157364  0.222323  0.250067  
0.069482  0.078955  0.011718  0.007451  0.010386  0.011127  0.015155  0.022043  0.032672  0.052564  0.063589  0.059508  0.056748  0.053413  0.059143  0.081978  0.104608  0.106049  0.115822  0.158431  0.231799  0.240792  
0.044113  0.080639  0.010254  0.005464  0.020640  0.025214  0.029102  0.029242  0.033239  0.045447  0.051422  0.049979  0.054132  0.057441  0.068417  0.097772  0.124186  0.132127  0.142838  0.180965  0.249009  0.251133  
0.068763  0.109287  0.007649  0.004223  0.013218  0.014946  0.021558  0.031626  0.039967  0.051501  0.054430  0.052240  0.051101  0.050649  0.057515  0.079793  0.100647  0.112341  0.128952  0.180999  0.271650  0.252615  
0.016810  0.041277  0.009904  0.004833  0.011688  0.015077  0.020661  0.022119  0.025492  0.040188  0.051168  0.054579  0.051709  0.047379  0.051228  0.061595  0.073321  0.077740  0.091344  0.136704  0.193001  0.178743  
0.033159  0.092680  0.008511  0.004640  0.014696  0.015280  0.020012  0.030289  0.044195  0.057906  0.057677  0.055937  0.049716  0.045943  0.050872  0.063338  0.076777  0.084067  0.101398  0.145644  0.202846  0.174024  
0.058608  0.071141  0.013440  0.006886  0.023236  0.022505  0.029938  0.032295  0.033694  0.043864  0.046039  0.045773  0.047204  0.047016  0.054225  0.075670  0.094593  0.101028  0.113833  0.148693  0.199612  0.170004  
0.014184  0.049118  0.012664  0.007956  0.022185  0.021450  0.027682  0.033474  0.039859  0.050688  0.051295  0.051856  0.048131  0.048195  0.059281  0.078114  0.097259  0.107740  0.120718  0.165600  0.219597  0.170814  
0.072090  0.140633  0.018308  0.008658  0.024995  0.019496  0.023683  0.030968  0.037500  0.045391  0.049837  0.053071  0.049263  0.047592  0.054534  0.071242  0.087091  0.096224  0.109431  0.161540  0.237318  0.182208  
0.016013  0.066676  0.017521  0.007836  0.025197  0.024971  0.026904  0.031507  0.039199  0.048267  0.051896  0.056458  0.048705  0.045584  0.052510  0.060223  0.068010  0.073249  0.084704  0.129128  0.188950  0.145373  
0.022727  0.057537  0.021740  0.011719  0.012913  0.016138  0.027984  0.042297  0.050647  0.064643  0.066629  0.061829  0.052616  0.050596  0.060018  0.080336  0.095012  0.097232  0.108657  0.153437  0.230452  0.196022  
0.023351  0.088737  0.022800  0.007239  0.011115  0.018734  0.033362  0.044156  0.046140  0.053375  0.053368  0.050436  0.044908  0.046785  0.059909  0.079447  0.091853  0.095181  0.108405  0.154832  0.228513  0.195234  
0.034746  0.088412  0.016461  0.008036  0.015672  0.019929  0.030145  0.036314  0.036484  0.044731  0.051004  0.054264  0.048749  0.047560  0.055732  0.070877  0.082859  0.086308  0.098888  0.148320  0.223052  0.192156  
0.035134  0.086507  0.019682  0.008445  0.019164  0.021979  0.028120  0.029876  0.031331  0.040103  0.044114  0.044989  0.042869  0.040938  0.044358  0.048997  0.053891  0.054040  0.062271  0.099153  0.159150  0.153883  
0.027949  0.088887  0.022779  0.008298  0.011918  0.014385  0.023703  0.031406  0.036493  0.048116  0.050752  0.050192  0.044394  0.040514  0.043266  0.048884  0.052332  0.050905  0.062114  0.098412  0.150230  0.134836  
0.075410  0.144703  0.026311  0.011450  0.016047  0.022757  0.034307  0.044151  0.049633  0.059041  0.055448  0.049572  0.044053  0.042920  0.048663  0.062142  0.070718  0.071540  0.084673  0.119857  0.174779  0.158405  
0.023771  0.081892  0.024675  0.011452  0.013718  0.015664  0.022910  0.030149  0.037937  0.051762  0.057930  0.058011  0.050494  0.049298  0.058936  0.077669  0.092019  0.092533  0.106841  0.157456  0.217081  0.183040  
0.125902  0.194795  0.026430  0.013554  0.014924  0.017494  0.027887  0.038547  0.043331  0.055230  0.059147  0.055026  0.048409  0.046396  0.051549  0.068064  0.081042  0.080630  0.091841  0.134743  0.199274  0.180886  
0.016428  0.053418  0.021543  0.009872  0.015114  0.018877  0.029903  0.032900  0.034634  0.047704  0.053313  0.053685  0.048291  0.046668  0.053534  0.066182  0.073955  0.071277  0.083118  0.126014  0.173977  0.147055  
0.044861  0.078823  0.012410  0.010519  0.022930  0.022143  0.023916  0.031655  0.041932  0.053896  0.058528  0.057512  0.049741  0.048773  0.059052  0.079637  0.098965  0.101050  0.109658  0.152751  0.223961  0.194916  
0.088845  0.095510  0.009909  0.006947  0.029602  0.041672  0.038098  0.049122  0.065418  0.070777  0.063422  0.055304  0.046205  0.048396  0.062958  0.082533  0.100544  0.108671  0.120307  0.167417  0.237376  0.185734  
0.057673  0.060015  0.009070  0.006288  0.018926  0.028956  0.038043  0.039144  0.036713  0.044595  0.047505  0.045443  0.042320  0.043710  0.053784  0.069942  0.084367  0.089619  0.103332  0.155120  0.225522  0.166764  
0.055582  0.058453  0.008299  0.007002  0.013595  0.019050  0.021986  0.027890  0.036920  0.051118  0.056372  0.052510  0.046416  0.046720  0.057591  0.073864  0.091189  0.096244  0.111151  0.174690  0.256947  0.195028  
0.033355  0.061378  0.011598  0.008095  0.016572  0.022497  0.040929  0.049066  0.041754  0.046722  0.046738  0.045434  0.043015  0.045772  0.058941  0.082788  0.102946  0.110365  0.125535  0.172434  0.237873  0.185143  
0.069703  0.064473  0.016466  0.009761  0.011230  0.017297  0.023925  0.024841  0.025197  0.035542  0.041204  0.039087  0.036837  0.037943  0.046974  0.063820  0.081245  0.086656  0.101109  0.152873  0.220688  0.178763  
0.107708  0.096214  0.010042  0.006575  0.009309  0.011861  0.024977  0.034622  0.031003  0.037171  0.038055  0.034755  0.031858  0.034064  0.045869  0.071114  0.095579  0.102802  0.116312  0.168974  0.238633  0.175476  
0.108278  0.054934  0.008443  0.008246  0.015126  0.021785  0.028524  0.031227  0.031840  0.042195  0.044092  0.039236  0.035655  0.037062  0.047221  0.069523  0.092992  0.102614  0.116866  0.167368  0.233255  0.170522  
0.043866  0.039205  0.011346  0.012127  0.015906  0.016306  0.017787  0.021198  0.029645  0.045787  0.051247  0.046292  0.042485  0.044002  0.056897  0.087833  0.121784  0.131173  0.146041  0.202380  0.269519  0.197620  
0.054787  0.047446  0.012766  0.013194  0.015990  0.016019  0.032703  0.044154  0.038132  0.046067  0.046390  0.042293  0.040100  0.042503  0.055008  0.090382  0.123924  0.133284  0.146263  0.189625  0.256744  0.186413  
0.026300  0.042246  0.011938  0.009170  0.015769  0.016347  0.019704  0.024971  0.032539  0.045145  0.047893  0.045521  0.042492  0.044957  0.057713  0.083962  0.108695  0.116107  0.132347  0.186269  0.255384  0.187032  
0.046312  0.056638  0.010934  0.008643  0.019108  0.021354  0.028677  0.036961  0.039304  0.048098  0.052255  0.052318  0.048025  0.050321  0.063419  0.093453  0.119079  0.125866  0.140929  0.188422  0.260967  0.200252  
0.028129  0.089236  0.017616  0.010072  0.043997  0.047870  0.037449  0.036934  0.045568  0.052119  0.054113  0.056670  0.053051  0.059148  0.080944  0.118131  0.152014  0.170525  0.192893  0.251508  0.313154  0.228725  
0.047959  0.076068  0.021475  0.012828  0.030687  0.032634  0.038068  0.043667  0.045152  0.056034  0.066008  0.068662  0.059090  0.057830  0.068582  0.094181  0.117597  0.126067  0.142248  0.197802  0.261900  0.183699  
0.011459  0.043030  0.010598  0.006571  0.033361  0.042538  0.036669  0.043500  0.062615  0.073681  0.065997  0.063425  0.053170  0.055392  0.072818  0.088247  0.101941  0.111441  0.133061  0.189470  0.231238  0.141139  
0.011746  0.039121  0.010204  0.008118  0.026030  0.023041  0.032824  0.037384  0.036455  0.042052  0.042395  0.044745  0.042610  0.045099  0.059168  0.080027  0.101011  0.109091  0.126626  0.178635  0.228759  0.161206  
0.022524  0.048451  0.010052  0.008447  0.021049  0.021218  0.030312  0.040928  0.044291  0.052290  0.053803  0.053497  0.047547  0.049036  0.062322  0.085717  0.108748  0.116366  0.134068  0.189432  0.250889  0.177973  
0.011974  0.039592  0.012846  0.009195  0.024054  0.028892  0.039135  0.047216  0.048520  0.055854  0.056143  0.057180  0.050006  0.051035  0.063746  0.083859  0.102438  0.111908  0.132243  0.179693  0.227972  0.167827  
0.051020  0.139989  0.025221  0.015427  0.026727  0.029461  0.040857  0.050722  0.050342  0.054131  0.051911  0.050772  0.047251  0.049263  0.060489  0.085296  0.108748  0.121832  0.143549  0.193302  0.260114  0.226548  
0.016608  0.041885  0.016741  0.009368  0.024923  0.028320  0.037696  0.030602  0.023487  0.030205  0.038256  0.042281  0.039146  0.039366  0.048571  0.067707  0.086737  0.091724  0.107568  0.155016  0.199200  0.145984  
0.016896  0.055242  0.017074  0.009519  0.025091  0.027899  0.024638  0.020494  0.023259  0.032496  0.040714  0.042907  0.040878  0.043918  0.056759  0.079401  0.104991  0.115005  0.136909  0.203317  0.256970  0.184471  
0.030143  0.051111  0.009245  0.004936  0.023205  0.025177  0.019493  0.017854  0.023960  0.032028  0.034351  0.034049  0.035096  0.041433  0.059329  0.081438  0.103371  0.111230  0.131541  0.200257  0.256897  0.164154  
0.038301  0.061693  0.006856  0.004923  0.015948  0.015080  0.013182  0.014940  0.022719  0.032098  0.034875  0.034359  0.034546  0.039447  0.054979  0.074459  0.096397  0.105101  0.130536  0.211687  0.276846  0.164124  
0.051454  0.072919  0.008655  0.005267  0.013345  0.015557  0.015462  0.016600  0.022763  0.032398  0.038401  0.038007  0.038228  0.042816  0.056402  0.075661  0.097113  0.104992  0.134697  0.211831  0.277904  0.183617  
0.045590  0.090371  0.008014  0.005167  0.013783  0.017124  0.018386  0.016838  0.019777  0.027788  0.033503  0.033614  0.035168  0.039349  0.050246  0.066676  0.086842  0.095862  0.127510  0.202833  0.256763  0.171015  
0.033989  0.066715  0.009042  0.006954  0.016695  0.021441  0.023778  0.020934  0.023190  0.033997  0.041161  0.040531  0.042221  0.047352  0.061622  0.085384  0.111471  0.119500  0.147773  0.220563  0.261515  0.179478  
0.026957  0.062470  0.008492  0.005837  0.012574  0.017745  0.019296  0.018784  0.022861  0.033549  0.039243  0.038752  0.038786  0.042176  0.054797  0.072716  0.092560  0.100060  0.125833  0.186236  0.223032  0.159934  
0.035576  0.061008  0.006766  0.004577  0.011292  0.017292  0.026017  0.033173  0.036448  0.046058  0.048882  0.047603  0.044083  0.047005  0.060452  0.082525  0.101636  0.110201  0.139159  0.198278  0.235777  0.163386  
0.020647  0.051734  0.011832  0.007432  0.012102  0.015379  0.018370  0.022111  0.029868  0.042911  0.046592  0.044347  0.041333  0.044988  0.063191  0.090939  0.118361  0.124945  0.148452  0.199739  0.221445  0.152304  
0.048263  0.054059  0.013590  0.006221  0.010494  0.021349  0.020690  0.019425  0.025183  0.038511  0.045058  0.041403  0.040231  0.045038  0.060293  0.087872  0.112862  0.122329  0.151139  0.207795  0.236728  0.176661  
0.022575  0.059914  0.021391  0.006509  0.007819  0.017647  0.023688  0.033018  0.046114  0.063906  0.067792  0.061843  0.049316  0.050502  0.066769  0.085198  0.099654  0.105602  0.132226  0.188889  0.213205  0.156118  
0.057495  0.076570  0.021769  0.006583  0.006195  0.016429  0.017449  0.024476  0.040103  0.059282  0.062317  0.053357  0.040200  0.038039  0.046173  0.056189  0.066270  0.074200  0.100184  0.149705  0.180955  0.137441  
0.060347  0.074973  0.013275  0.005159  0.010322  0.024972  0.027097  0.028009  0.033433  0.045642  0.047270  0.042220  0.035722  0.035657  0.044055  0.054540  0.064227  0.070735  0.094115  0.140317  0.164306  0.113753  
0.047016  0.078368  0.008112  0.004220  0.008498  0.017639  0.025416  0.028899  0.030871  0.041312  0.042498  0.038014  0.033868  0.035169  0.043307  0.056859  0.069776  0.078813  0.103580  0.157409  0.187401  0.126555  
0.041073  0.067327  0.012084  0.005978  0.008146  0.016517  0.019274  0.022081  0.029141  0.043829  0.048308  0.042526  0.035916  0.034988  0.040984  0.052715  0.065688  0.074251  0.098696  0.149478  0.181756  0.131000  
0.032224  0.043567  0.012065  0.009156  0.011499  0.013103  0.016768  0.025556  0.037281  0.053693  0.054256  0.048293  0.039001  0.035753  0.041170  0.055095  0.069499  0.075964  0.095710  0.133319  0.160522  0.109771  
0.043763  0.037359  0.010361  0.008367  0.012268  0.018905  0.022617  0.024738  0.029050  0.043244  0.046564  0.041319  0.036353  0.035609  0.042976  0.060288  0.076873  0.081707  0.100721  0.136762  0.161357  0.107782  
0.079956  0.051663  0.015328  0.007989  0.010503  0.017992  0.019439  0.021454  0.028314  0.044475  0.050679  0.045164  0.037269  0.034203  0.039109  0.049583  0.059884  0.063107  0.081548  0.122485  0.146973  0.099216  
0.044209  0.058957  0.012342  0.007885  0.015988  0.014650  0.015697  0.019889  0.029150  0.042513  0.044478  0.041053  0.036149  0.034005  0.039282  0.052817  0.066148  0.070851  0.091355  0.133315  0.159311  0.098724  
0.073780  0.069673  0.016689  0.009522  0.015304  0.024731  0.031000  0.036457  0.042769  0.056888  0.059013  0.050736  0.041463  0.040134  0.047175  0.063731  0.079706  0.087387  0.112065  0.160908  0.181251  0.115883  
0.018971  0.049582  0.016453  0.011091  0.019091  0.019322  0.023492  0.030746  0.041949  0.058057  0.058085  0.053568  0.044299  0.040035  0.042749  0.052144  0.060991  0.064178  0.084257  0.123446  0.145274  0.095961  
0.067347  0.105176  0.016559  0.009214  0.013970  0.018533  0.032809  0.045628  0.047281  0.058084  0.056766  0.051040  0.041880  0.037677  0.038520  0.045965  0.050911  0.051343  0.068824  0.105194  0.128450  0.085556  
0.034679  0.079972  0.013761  0.008666  0.014400  0.018047  0.022141  0.028342  0.037912  0.050786  0.049884  0.044545  0.036851  0.034291  0.037618  0.046144  0.053519  0.054689  0.072325  0.108404  0.132945  0.093355  
0.073703  0.096126  0.017424  0.007520  0.011061  0.018060  0.022536  0.027739  0.035910  0.048836  0.051692  0.045136  0.036180  0.034226  0.038942  0.049787  0.058763  0.060282  0.079464  0.121903  0.148354  0.102343  
0.050866  0.088568  0.022958  0.008694  0.013843  0.025872  0.028594  0.023440  0.024893  0.036260  0.042452  0.038618  0.035378  0.034757  0.038051  0.048177  0.055878  0.055617  0.072983  0.108826  0.134066  0.104822  
0.029420  0.058337  0.019829  0.008813  0.012445  0.021464  0.030361  0.028840  0.026751  0.037440  0.045244  0.044145  0.036928  0.034193  0.036812  0.044844  0.050559  0.049128  0.063229  0.095284  0.119392  0.092043  
0.031202  0.064091  0.011255  0.007602  0.012713  0.021657  0.032862  0.039559  0.040099  0.049676  0.051335  0.046947  0.037175  0.035830  0.041317  0.053784  0.063215  0.063973  0.081812  0.118562  0.144021  0.100864  
0.038603  0.065847  0.011444  0.010445  0.015225  0.020139  0.026806  0.033008  0.036169  0.046656  0.050853  0.047327  0.037536  0.036549  0.043577  0.059458  0.075009  0.076923  0.091864  0.130030  0.159434  0.119261  
0.036606  0.050770  0.010807  0.011104  0.014234  0.017216  0.027584  0.033501  0.033021  0.043386  0.046762  0.044010  0.037598  0.036791  0.043151  0.059866  0.073786  0.073076  0.086948  0.121211  0.147371  0.105960  
0.033419  0.048143  0.011303  0.009042  0.011206  0.016894  0.021971  0.024628  0.027981  0.039536  0.044087  0.039919  0.034112  0.033701  0.039574  0.052285  0.063292  0.061540  0.075577  0.111230  0.144771  0.108812  
0.021277  0.036494  0.012666  0.012896  0.011052  0.014185  0.026446  0.035637  0.034731  0.044935  0.047198  0.043572  0.037267  0.036711  0.043535  0.062009  0.076897  0.076014  0.090534  0.119107  0.153053  0.119031  
0.026222  0.048244  0.015580  0.014303  0.014925  0.020386  0.039062  0.040429  0.028634  0.033321  0.035880  0.034966  0.032307  0.034843  0.043510  0.065088  0.083206  0.083745  0.098555  0.130152  0.161913  0.124692  
0.082440  0.059520  0.012033  0.010337  0.015062  0.020050  0.027807  0.033919  0.033262  0.039605  0.041982  0.039316  0.033905  0.036242  0.046551  0.068645  0.087815  0.090967  0.109024  0.156273  0.196651  0.123210  
0.070138  0.056649  0.012638  0.011252  0.013040  0.020668  0.028017  0.034927  0.038323  0.049719  0.052061  0.046501  0.039505  0.040392  0.048136  0.065586  0.079915  0.081712  0.100855  0.146611  0.185381  0.120191  
