0.129255  0.221202  0.195956  0.207909  0.180190  0.252392  0.248490  0.214852  0.199886  0.212310  0.195907  0.193804  0.222044  0.251122  0.211202  0.184392  0.160439  0.151432  0.152264  0.183748  0.250726  0.358647  
0.075887  0.270741  0.224513  0.244080  0.269449  0.270763  0.317120  0.302915  0.261171  0.219488  0.184980  0.181565  0.228556  0.260343  0.206141  0.196744  0.197452  0.173440  0.147417  0.161611  0.214877  0.257226  
0.147351  0.278202  0.207775  0.226970  0.250930  0.295652  0.314382  0.298990  0.262088  0.209937  0.157383  0.145972  0.176141  0.211568  0.200226  0.198038  0.193588  0.166753  0.135787  0.144453  0.192572  0.225362  
0.041848  0.162533  0.079975  0.090954  0.171844  0.187212  0.202566  0.206069  0.183199  0.135304  0.099728  0.100376  0.123977  0.163276  0.173549  0.179707  0.178273  0.152021  0.122205  0.142135  0.203516  0.222172  
0.049084  0.163983  0.061464  0.061137  0.141071  0.164652  0.154133  0.153816  0.147907  0.111451  0.079400  0.077904  0.093511  0.127622  0.144454  0.152939  0.150808  0.125520  0.101853  0.124155  0.176031  0.191374  
0.117805  0.214921  0.086621  0.075341  0.131990  0.104952  0.110883  0.121083  0.118059  0.097213  0.077718  0.082322  0.102620  0.133928  0.146093  0.158634  0.152743  0.120841  0.096045  0.126676  0.192169  0.200651  
0.045669  0.112803  0.048085  0.055300  0.130843  0.123250  0.128266  0.123982  0.107213  0.090504  0.078988  0.089219  0.106097  0.131795  0.138322  0.144355  0.138622  0.112340  0.095196  0.126782  0.184111  0.201916  
0.054409  0.201771  0.068024  0.062160  0.126757  0.138393  0.155228  0.166432  0.146953  0.111951  0.083747  0.086930  0.104132  0.136059  0.153954  0.173296  0.168190  0.140844  0.120746  0.154232  0.229458  0.263108  
0.150490  0.476503  0.400149  0.427761  0.551244  0.474146  0.528964  0.591313  0.592832  0.607972  0.592672  0.618747  0.618616  0.603130  0.474689  0.439060  0.413390  0.360989  0.305177  0.324280  0.394608  0.428793  
0.278216  0.416948  0.193177  0.189895  0.242843  0.234838  0.222560  0.280576  0.343165  0.354096  0.318232  0.297665  0.299756  0.313223  0.296804  0.304065  0.298954  0.257217  0.218457  0.256099  0.347876  0.343790  
0.087235  0.237516  0.242520  0.275197  0.251180  0.241993  0.284848  0.269346  0.218382  0.250271  0.307921  0.340161  0.333802  0.313814  0.269041  0.278727  0.288800  0.250113  0.211009  0.246980  0.347249  0.381497  
0.028498  0.146786  0.162580  0.143870  0.200712  0.272055  0.275199  0.244357  0.229871  0.253565  0.273688  0.295685  0.291327  0.299771  0.277352  0.271409  0.265682  0.232002  0.205458  0.260625  0.349931  0.340506  
0.114935  0.190075  0.117785  0.127323  0.260958  0.322577  0.276007  0.254201  0.256876  0.264776  0.259616  0.267103  0.256689  0.265546  0.255706  0.241000  0.223823  0.189600  0.164256  0.230817  0.329107  0.304387  
0.042535  0.159371  0.109030  0.103960  0.179820  0.268023  0.267410  0.245023  0.222962  0.209546  0.188734  0.188288  0.191785  0.218291  0.229156  0.228759  0.219444  0.191061  0.168700  0.229930  0.324580  0.317278  
0.085855  0.168510  0.074337  0.071480  0.201822  0.197895  0.175247  0.175772  0.175494  0.162580  0.145444  0.153665  0.166385  0.192509  0.204022  0.207709  0.198375  0.168269  0.145677  0.208137  0.304678  0.268724  
0.129012  0.211582  0.084330  0.079113  0.242696  0.263467  0.225284  0.186643  0.162283  0.150097  0.138369  0.145386  0.164170  0.195059  0.204522  0.205951  0.196596  0.165751  0.142616  0.207596  0.293424  0.255459  
0.071601  0.180204  0.111165  0.100549  0.156274  0.186937  0.199763  0.191452  0.166164  0.158031  0.154560  0.163979  0.169325  0.188373  0.193929  0.205102  0.202504  0.175222  0.157805  0.225895  0.325765  0.312217  
0.134543  0.191760  0.095726  0.106988  0.145852  0.166086  0.222151  0.228608  0.164770  0.154707  0.160944  0.176643  0.177762  0.185326  0.178318  0.185581  0.179063  0.148102  0.130211  0.184175  0.276410  0.263468  
0.043355  0.141112  0.103602  0.102187  0.141761  0.143179  0.145055  0.151411  0.148380  0.147759  0.145357  0.154871  0.158270  0.169938  0.171747  0.181271  0.181993  0.157986  0.145923  0.205153  0.299302  0.285836  
0.106947  0.169378  0.076292  0.072483  0.118188  0.160278  0.159918  0.149973  0.135781  0.139505  0.136228  0.138818  0.147837  0.161857  0.158528  0.161431  0.156673  0.133601  0.127074  0.187389  0.275026  0.260434  
0.070448  0.181288  0.075692  0.059169  0.129224  0.166737  0.163870  0.150909  0.132245  0.125994  0.122573  0.131782  0.139902  0.154347  0.152294  0.153456  0.150158  0.134082  0.133948  0.201737  0.288366  0.261363  
0.076167  0.206510  0.095814  0.062390  0.122573  0.138910  0.141501  0.131224  0.120303  0.119088  0.113026  0.121814  0.144744  0.166077  0.161449  0.174536  0.175688  0.155730  0.153361  0.218504  0.309079  0.277410  
0.180423  0.253356  0.087858  0.064222  0.059468  0.077887  0.086861  0.101920  0.098241  0.099959  0.104296  0.116063  0.123436  0.132500  0.130060  0.141334  0.143820  0.130307  0.131645  0.206880  0.325711  0.308189  
0.050339  0.142400  0.089406  0.079408  0.079763  0.117638  0.132486  0.121800  0.099260  0.100211  0.104224  0.113579  0.124448  0.135292  0.131619  0.141138  0.145185  0.134485  0.136785  0.209497  0.323392  0.336104  
0.097530  0.211344  0.101144  0.066459  0.088158  0.118328  0.132058  0.147830  0.139630  0.129627  0.118927  0.121541  0.128312  0.140404  0.150140  0.167603  0.167873  0.151895  0.151491  0.235364  0.371916  0.372518  
0.105902  0.241191  0.111570  0.071021  0.113454  0.130038  0.144409  0.163281  0.163384  0.153274  0.133147  0.129196  0.134900  0.144277  0.154344  0.173519  0.174436  0.157145  0.154733  0.241306  0.370448  0.363312  
0.097953  0.247409  0.089073  0.050211  0.078852  0.100038  0.132377  0.141459  0.122316  0.119604  0.117179  0.124949  0.146506  0.162748  0.176708  0.204055  0.205961  0.190136  0.192058  0.296679  0.457800  0.454583  
0.245932  0.436174  0.087627  0.049287  0.076220  0.099910  0.093073  0.102713  0.111350  0.113247  0.112383  0.115325  0.124210  0.135600  0.151804  0.176563  0.186201  0.173425  0.171219  0.272501  0.433124  0.447680  
0.134627  0.234387  0.082831  0.047097  0.099106  0.095519  0.081184  0.081933  0.093164  0.105312  0.113685  0.125352  0.147397  0.160138  0.172378  0.199600  0.205296  0.185672  0.180178  0.282539  0.443158  0.438590  
0.265011  0.347097  0.084872  0.056369  0.097169  0.093986  0.092714  0.113171  0.127658  0.135177  0.135394  0.141050  0.155729  0.167963  0.184958  0.224791  0.237669  0.218503  0.213791  0.324906  0.482574  0.442467  
0.115090  0.271518  0.110860  0.063357  0.102322  0.127302  0.102997  0.101603  0.121191  0.139304  0.148984  0.155758  0.170154  0.182685  0.199399  0.238815  0.255836  0.244263  0.249261  0.369490  0.523671  0.505177  
0.168657  0.241005  0.088342  0.074908  0.108291  0.109020  0.115087  0.134273  0.147378  0.166205  0.166714  0.169031  0.186678  0.195640  0.205104  0.249678  0.264916  0.246774  0.249453  0.364381  0.520531  0.492831  
0.135389  0.200016  0.065383  0.075480  0.120594  0.114243  0.138321  0.153437  0.141813  0.156204  0.164070  0.175412  0.191374  0.198473  0.209229  0.256096  0.277602  0.260339  0.260926  0.375382  0.520167  0.469712  
0.111758  0.189697  0.052096  0.051742  0.101620  0.118103  0.116452  0.112963  0.107219  0.123719  0.140581  0.155665  0.169427  0.176967  0.187314  0.218790  0.236159  0.222210  0.223807  0.334850  0.479400  0.439050  
0.119672  0.245880  0.056825  0.040045  0.067532  0.089156  0.106696  0.117577  0.108364  0.112866  0.117536  0.125602  0.138455  0.151053  0.166391  0.198748  0.214308  0.204280  0.209384  0.317011  0.471418  0.455042  
0.238328  0.273057  0.068202  0.039758  0.073216  0.097608  0.084748  0.085270  0.094860  0.110982  0.123548  0.130337  0.144930  0.156127  0.171739  0.204317  0.220617  0.209046  0.216144  0.336992  0.498808  0.468589  
0.019959  0.070846  0.053270  0.042013  0.077697  0.082754  0.072587  0.064997  0.068047  0.084311  0.103954  0.126570  0.136791  0.143580  0.159300  0.183035  0.201279  0.195868  0.203126  0.317463  0.454502  0.425097  
0.036053  0.124215  0.068226  0.053495  0.067918  0.078912  0.076250  0.077265  0.076390  0.086095  0.102004  0.122242  0.123995  0.129941  0.142257  0.162423  0.178386  0.174995  0.181471  0.289477  0.428928  0.411870  
0.031698  0.087570  0.058750  0.058867  0.055680  0.065722  0.078515  0.095786  0.095107  0.107356  0.120512  0.134912  0.132730  0.134084  0.139029  0.160864  0.175108  0.169048  0.174789  0.271821  0.423366  0.422427  
0.092877  0.312569  0.396308  0.340079  0.350708  0.462687  0.520627  0.475328  0.403252  0.388548  0.387276  0.385923  0.408083  0.420029  0.382135  0.400401  0.416232  0.357113  0.322795  0.354890  0.404864  0.375518  
0.074728  0.113878  0.115364  0.125958  0.161339  0.253115  0.205502  0.195199  0.220011  0.234886  0.233291  0.224746  0.232955  0.241012  0.222552  0.231809  0.246310  0.217504  0.199430  0.257516  0.320948  0.307680  
0.311266  0.658372  0.825862  0.881926  0.918145  0.928611  0.906378  0.838364  0.776386  0.787915  0.807156  0.805429  0.803717  0.759338  0.601630  0.552974  0.559409  0.482871  0.446828  0.464535  0.452326  0.373432  
0.404480  0.484783  0.586856  0.817468  0.897063  0.857673  0.830247  0.758442  0.587692  0.503493  0.452881  0.431750  0.434291  0.369028  0.257950  0.273193  0.263240  0.191129  0.155751  0.164861  0.199415  0.163054  
0.473044  0.738174  0.970195  0.990778  0.993699  0.995267  0.993812  0.982314  0.963531  0.973585  0.982604  0.982727  0.982882  0.968211  0.861723  0.800213  0.776066  0.672297  0.591843  0.519706  0.465159  0.424680  
0.631206  0.883379  0.985715  0.997235  0.999156  0.998703  0.998507  0.996458  0.990199  0.988575  0.989968  0.989011  0.991273  0.984495  0.927204  0.871425  0.817438  0.712186  0.619861  0.543961  0.372436  0.222603  
0.885074  0.978831  0.994628  0.997765  0.998789  0.997990  0.995125  0.990636  0.985930  0.987662  0.991308  0.990030  0.989552  0.980652  0.913075  0.855682  0.838032  0.804893  0.754391  0.637573  0.406504  0.262721  
0.916570  0.985172  0.996608  0.996005  0.994663  0.992054  0.987036  0.980657  0.978148  0.986034  0.991871  0.990126  0.989971  0.980160  0.903087  0.828906  0.804504  0.759792  0.704426  0.591742  0.404881  0.292783  
0.929786  0.981229  0.997287  0.997221  0.997402  0.997241  0.995836  0.991917  0.987281  0.987859  0.990311  0.988203  0.989690  0.983175  0.929825  0.880484  0.845375  0.779644  0.705138  0.582599  0.407073  0.313876  
0.933000  0.987420  0.997819  0.997567  0.998815  0.998928  0.998562  0.996403  0.989746  0.982084  0.980159  0.973537  0.976367  0.964820  0.875883  0.814516  0.788543  0.725979  0.647764  0.522742  0.375090  0.318627  
0.953403  0.979991  0.995000  0.995027  0.997311  0.998494  0.998341  0.996510  0.990828  0.980225  0.969561  0.954962  0.959307  0.954365  0.909570  0.892357  0.866429  0.814655  0.751238  0.652952  0.474606  0.350832  
0.924051  0.985482  0.995737  0.996301  0.998727  0.998869  0.998459  0.996728  0.992289  0.985982  0.980337  0.972028  0.972198  0.962182  0.898436  0.860597  0.852672  0.838532  0.803439  0.703088  0.545817  0.493495  
0.928209  0.986287  0.995458  0.993733  0.994989  0.995784  0.994866  0.991920  0.988455  0.987215  0.985274  0.975266  0.971825  0.954438  0.855770  0.805440  0.802769  0.791956  0.749514  0.607622  0.403885  0.327110  
0.944608  0.986135  0.995743  0.991309  0.986122  0.988244  0.989284  0.990230  0.991903  0.992349  0.989179  0.977767  0.969524  0.949824  0.855069  0.806808  0.793840  0.769416  0.709096  0.565426  0.409759  0.379945  
0.909180  0.973162  0.968956  0.926426  0.817458  0.859544  0.904285  0.951253  0.962753  0.947633  0.896767  0.794220  0.712397  0.666404  0.542672  0.522981  0.531814  0.522003  0.459940  0.361499  0.310748  0.344541  
0.914121  0.963966  0.939314  0.823821  0.622593  0.600781  0.703985  0.801717  0.808790  0.780617  0.682646  0.512341  0.405569  0.364666  0.302092  0.328320  0.354542  0.339249  0.284804  0.221789  0.208582  0.272080  
0.909258  0.958495  0.894417  0.667758  0.484409  0.407358  0.480303  0.596123  0.601198  0.577705  0.510364  0.371286  0.294832  0.267993  0.217746  0.241455  0.259840  0.226688  0.173924  0.124215  0.119155  0.197339  
0.904813  0.977821  0.974970  0.922465  0.857362  0.800536  0.781804  0.870250  0.934787  0.958716  0.949918  0.900744  0.827664  0.733847  0.493767  0.423280  0.415450  0.376144  0.296907  0.186292  0.130100  0.184447  
0.852145  0.986451  0.994809  0.988315  0.972660  0.978405  0.980972  0.989437  0.995546  0.998013  0.997987  0.995247  0.988549  0.969306  0.825197  0.695793  0.661287  0.616181  0.524359  0.324666  0.153220  0.159584  
0.915684  0.984980  0.995103  0.989574  0.973252  0.979219  0.984742  0.987322  0.990124  0.994953  0.995775  0.989650  0.978234  0.941041  0.716599  0.595535  0.611722  0.576027  0.493575  0.315053  0.168390  0.169480  
0.945388  0.984763  0.991773  0.984803  0.976374  0.980224  0.981189  0.987211  0.992656  0.995978  0.995528  0.987738  0.971816  0.930415  0.712153  0.607333  0.613265  0.564979  0.473115  0.299729  0.178018  0.192457  
0.961989  0.991933  0.993461  0.985665  0.983030  0.974826  0.975951  0.986492  0.992302  0.994738  0.992900  0.981719  0.956539  0.899615  0.691916  0.596525  0.574244  0.515287  0.411613  0.240536  0.133124  0.134818  
0.964200  0.994195  0.996205  0.987041  0.986978  0.982402  0.976559  0.981857  0.989769  0.994206  0.993484  0.983714  0.962830  0.909968  0.682305  0.551750  0.539216  0.504438  0.420821  0.246297  0.136175  0.161047  
0.962226  0.992013  0.994085  0.978499  0.972829  0.962420  0.948048  0.960252  0.979527  0.990102  0.990810  0.978530  0.955239  0.891481  0.614213  0.480344  0.476794  0.437408  0.354311  0.191228  0.105686  0.129451  
0.964995  0.993010  0.995927  0.983617  0.979881  0.975407  0.970265  0.974341  0.983236  0.990053  0.990028  0.976757  0.955089  0.895198  0.618398  0.485288  0.486698  0.444202  0.354190  0.187715  0.107313  0.141234  
0.974183  0.992261  0.994344  0.975822  0.964497  0.960649  0.958687  0.967937  0.976187  0.981614  0.979283  0.952200  0.914968  0.836181  0.559584  0.463093  0.464110  0.404424  0.303103  0.152846  0.092061  0.120321  
0.968646  0.993280  0.994740  0.968902  0.944166  0.929593  0.928505  0.939836  0.947624  0.942336  0.912308  0.800069  0.708322  0.625140  0.473696  0.496657  0.494505  0.404495  0.276883  0.146003  0.075642  0.083164  
0.956801  0.989809  0.988615  0.941263  0.838913  0.881485  0.914166  0.932381  0.923396  0.896940  0.829402  0.627804  0.497614  0.429048  0.307172  0.369014  0.386699  0.311207  0.207070  0.101739  0.049036  0.049689  
0.962380  0.992005  0.991471  0.963480  0.907654  0.908377  0.925541  0.939555  0.920735  0.880009  0.823238  0.663087  0.530355  0.449957  0.321809  0.352005  0.385157  0.338945  0.239406  0.113149  0.056501  0.061919  
0.969944  0.993269  0.994628  0.966790  0.933894  0.933694  0.959017  0.971473  0.965963  0.951061  0.926542  0.837237  0.760861  0.661557  0.406760  0.374485  0.405891  0.364933  0.275773  0.137188  0.085033  0.127097  
0.970507  0.993728  0.990927  0.967178  0.924670  0.938746  0.912945  0.924770  0.928554  0.924557  0.909533  0.804014  0.666721  0.517849  0.266372  0.253942  0.263746  0.223596  0.166763  0.075168  0.032228  0.028811  
0.952455  0.986254  0.990285  0.967718  0.921687  0.940616  0.952315  0.953369  0.944067  0.955544  0.962897  0.929508  0.892158  0.805684  0.487482  0.416388  0.456663  0.421854  0.347261  0.179883  0.112979  0.173772  
0.943915  0.985289  0.992301  0.984319  0.976451  0.979093  0.978876  0.977734  0.978567  0.986030  0.988337  0.974396  0.955559  0.894359  0.575243  0.453065  0.471651  0.425714  0.350967  0.188885  0.095430  0.102279  
0.955151  0.987983  0.992602  0.987667  0.988325  0.987669  0.984025  0.983791  0.986655  0.991784  0.992444  0.982890  0.968053  0.920201  0.630896  0.490780  0.498313  0.460587  0.382131  0.194381  0.094043  0.108781  
0.956794  0.991516  0.996582  0.991687  0.990256  0.988534  0.986657  0.983837  0.983725  0.990280  0.991994  0.982968  0.970312  0.923298  0.624352  0.459365  0.458371  0.414592  0.337234  0.168984  0.086314  0.113198  
0.962040  0.990720  0.995508  0.989109  0.987804  0.987992  0.983853  0.981668  0.984611  0.991479  0.993100  0.984765  0.972344  0.928353  0.627255  0.459958  0.460669  0.417625  0.337124  0.167730  0.090115  0.125637  
0.966360  0.990377  0.994466  0.985791  0.983385  0.983177  0.982453  0.982002  0.982696  0.988325  0.989434  0.977217  0.961129  0.907978  0.607444  0.458324  0.447815  0.393004  0.304922  0.142962  0.070653  0.086263  
0.971066  0.993822  0.996865  0.988296  0.984851  0.984349  0.984762  0.983305  0.980572  0.983033  0.982526  0.963625  0.942685  0.883800  0.614865  0.468049  0.431303  0.365554  0.275669  0.132549  0.064549  0.080890  
0.971146  0.991375  0.993693  0.974064  0.959381  0.966843  0.968027  0.967259  0.961283  0.954426  0.946017  0.895619  0.864053  0.802436  0.590990  0.501792  0.446267  0.360325  0.254798  0.121219  0.055452  0.060341  
0.969732  0.992009  0.995188  0.973617  0.954538  0.944773  0.948198  0.954178  0.959740  0.960635  0.955423  0.917496  0.896799  0.850767  0.639278  0.557802  0.549998  0.483658  0.383287  0.218515  0.134168  0.197224  
0.963825  0.992889  0.994728  0.970461  0.935507  0.941698  0.943120  0.955410  0.963300  0.963368  0.957902  0.901711  0.846437  0.752364  0.444357  0.382265  0.432403  0.404681  0.329165  0.181888  0.117629  0.163591  
0.960576  0.993744  0.996125  0.975835  0.942649  0.956408  0.959730  0.964852  0.964312  0.955253  0.944440  0.870510  0.800092  0.698282  0.428005  0.381017  0.444655  0.430079  0.354877  0.198301  0.129941  0.171790  
0.963241  0.992062  0.993763  0.968065  0.921022  0.946204  0.954697  0.960278  0.952455  0.933638  0.917994  0.820829  0.734995  0.634225  0.396508  0.379843  0.441325  0.413700  0.331644  0.181533  0.114780  0.141385  
0.961167  0.990980  0.994415  0.975947  0.943985  0.967857  0.975166  0.976665  0.969542  0.958979  0.946925  0.873241  0.803816  0.700908  0.409612  0.364822  0.426716  0.408949  0.335709  0.191184  0.132185  0.169088  
0.960196  0.992801  0.995183  0.977618  0.953169  0.967399  0.970238  0.971594  0.964759  0.956645  0.949325  0.883671  0.815156  0.710244  0.408922  0.360130  0.429527  0.418538  0.342068  0.187482  0.128716  0.168158  
0.960737  0.992444  0.994317  0.970667  0.930043  0.952355  0.965334  0.970318  0.959352  0.942677  0.930236  0.847826  0.771574  0.664061  0.382387  0.341471  0.405560  0.388262  0.311599  0.171707  0.123750  0.160304  
0.957989  0.991507  0.993806  0.976544  0.955816  0.968813  0.972855  0.975162  0.968046  0.955529  0.943528  0.871374  0.800347  0.696204  0.408917  0.362890  0.427714  0.411332  0.333374  0.188408  0.130806  0.158944  
0.958618  0.992180  0.993738  0.973993  0.949085  0.961541  0.968890  0.972698  0.963152  0.947473  0.934291  0.855740  0.781154  0.676754  0.399908  0.357579  0.418299  0.399580  0.317798  0.172147  0.114796  0.136451  
0.961665  0.991492  0.991664  0.959205  0.917918  0.940528  0.956052  0.958879  0.932970  0.897093  0.877682  0.771462  0.692118  0.601362  0.374888  0.354392  0.406758  0.374699  0.294361  0.161973  0.114054  0.139438  
0.958132  0.989405  0.988734  0.949858  0.900018  0.906735  0.935697  0.941931  0.904857  0.870153  0.857206  0.749541  0.674611  0.577373  0.337294  0.315240  0.366269  0.332898  0.257117  0.143748  0.111973  0.149071  
0.961909  0.990493  0.987373  0.942760  0.892990  0.895147  0.924097  0.935554  0.892069  0.857580  0.859338  0.777767  0.719813  0.636383  0.396465  0.352098  0.379549  0.335416  0.253647  0.133067  0.090537  0.109427  
0.961796  0.991012  0.992627  0.966772  0.893866  0.916617  0.916924  0.928162  0.925884  0.938187  0.949094  0.921196  0.891563  0.843699  0.649853  0.554553  0.526353  0.465249  0.376155  0.203203  0.104357  0.108430  
0.940184  0.990768  0.995888  0.984471  0.963644  0.977906  0.986085  0.983716  0.968205  0.958339  0.957381  0.924800  0.902912  0.855835  0.631832  0.547490  0.561955  0.510816  0.422063  0.248721  0.158454  0.207425  
0.952703  0.987875  0.992570  0.983951  0.974971  0.978331  0.978572  0.969332  0.937608  0.928356  0.944687  0.918424  0.908998  0.862667  0.604984  0.509928  0.529005  0.468202  0.379976  0.222786  0.141459  0.165809  
0.958293  0.991162  0.994685  0.989825  0.990715  0.989464  0.988909  0.984407  0.969320  0.967309  0.975623  0.963038  0.955736  0.917792  0.655616  0.527252  0.549186  0.504722  0.415999  0.238913  0.160839  0.206630  
0.962001  0.993530  0.996514  0.990956  0.991591  0.989264  0.987935  0.983692  0.972450  0.972059  0.978026  0.963327  0.953252  0.908948  0.618046  0.479829  0.505828  0.465001  0.376926  0.214824  0.156072  0.215738  
0.970772  0.994838  0.996448  0.988806  0.986925  0.983845  0.986437  0.986588  0.979409  0.978497  0.980901  0.964671  0.949076  0.897626  0.601278  0.468986  0.490086  0.451961  0.362135  0.195942  0.132948  0.172101  
0.971936  0.995652  0.997628  0.990109  0.983972  0.982478  0.981779  0.979839  0.974152  0.976419  0.980648  0.963395  0.946720  0.896241  0.625827  0.498439  0.519341  0.478961  0.388736  0.214739  0.129258  0.148656  
0.968728  0.994769  0.997408  0.987684  0.978644  0.979570  0.979426  0.978325  0.975480  0.978385  0.982216  0.965609  0.951610  0.905346  0.629521  0.494050  0.517824  0.479280  0.385951  0.210085  0.133999  0.170345  
0.969201  0.995365  0.998086  0.989277  0.975677  0.979210  0.976310  0.974812  0.977221  0.984564  0.988810  0.977503  0.966003  0.928533  0.674795  0.529205  0.556540  0.526733  0.438040  0.246210  0.160809  0.219042  
0.962341  0.995593  0.998357  0.988974  0.965864  0.975239  0.972921  0.973157  0.980230  0.989496  0.993444  0.987049  0.979736  0.955790  0.773000  0.628237  0.631852  0.597141  0.504091  0.280511  0.146222  0.166114  
0.961741  0.995218  0.997731  0.984959  0.948413  0.961281  0.963995  0.968567  0.978096  0.989726  0.993797  0.987878  0.980704  0.957214  0.783731  0.643838  0.639647  0.613179  0.525131  0.284811  0.136536  0.146618  
0.955974  0.994960  0.997036  0.978116  0.919556  0.931846  0.947552  0.966370  0.981363  0.993109  0.996035  0.992275  0.986464  0.966826  0.802535  0.649283  0.628949  0.595166  0.509427  0.277862  0.141981  0.161726  
0.960438  0.995022  0.996587  0.975929  0.914422  0.925696  0.922358  0.950028  0.980152  0.994056  0.996654  0.992967  0.986456  0.965439  0.800873  0.661740  0.653578  0.630264  0.552478  0.313404  0.155622  0.163771  
0.963320  0.995005  0.996393  0.974009  0.908354  0.906472  0.906359  0.946231  0.980598  0.994891  0.997159  0.993700  0.986686  0.962256  0.761983  0.599313  0.595071  0.570946  0.494604  0.277105  0.150251  0.169982  
0.966782  0.995890  0.996961  0.977114  0.909109  0.898244  0.905009  0.947122  0.978952  0.994543  0.997304  0.994564  0.989019  0.968736  0.786019  0.617262  0.608843  0.585864  0.507632  0.275215  0.145895  0.171950  
0.969325  0.995581  0.996752  0.974404  0.890145  0.891299  0.898023  0.937561  0.973018  0.992923  0.996767  0.994011  0.989097  0.972167  0.824816  0.679935  0.667214  0.642948  0.561705  0.310246  0.160416  0.187819  
0.970011  0.995901  0.996601  0.973666  0.875605  0.871747  0.874537  0.928855  0.972055  0.993832  0.997822  0.996486  0.994018  0.984011  0.869008  0.727766  0.709817  0.679222  0.595873  0.327258  0.159004  0.175094  
0.961054  0.994839  0.996270  0.972956  0.884200  0.884894  0.890818  0.929642  0.967570  0.991812  0.996972  0.995258  0.992571  0.981618  0.866860  0.728159  0.707763  0.672665  0.587439  0.333336  0.167834  0.181469  
0.957181  0.994396  0.996241  0.974971  0.892439  0.884339  0.891143  0.922678  0.958944  0.990519  0.996758  0.995025  0.991905  0.978020  0.829348  0.653193  0.617052  0.567567  0.480334  0.254930  0.121804  0.129736  
0.960595  0.992992  0.993615  0.962256  0.877684  0.862077  0.873638  0.922697  0.962327  0.988613  0.994929  0.992173  0.988305  0.974161  0.855551  0.728293  0.693986  0.647057  0.551375  0.304188  0.148202  0.145773  
0.963883  0.992962  0.992899  0.961350  0.876062  0.812109  0.824012  0.905109  0.956824  0.986632  0.993650  0.990467  0.985275  0.966835  0.824258  0.690047  0.654359  0.595586  0.500441  0.275766  0.149807  0.153872  
0.965457  0.992141  0.992257  0.947080  0.876339  0.821159  0.807589  0.865286  0.931012  0.974601  0.985100  0.975291  0.962138  0.924690  0.730163  0.597677  0.566872  0.508933  0.414932  0.233383  0.141360  0.158917  
0.977314  0.993387  0.993130  0.929019  0.834174  0.803853  0.802525  0.840988  0.900812  0.952282  0.967791  0.952115  0.942166  0.927393  0.858881  0.828201  0.803244  0.741754  0.632252  0.399480  0.180882  0.142790  
0.953184  0.979818  0.952771  0.725088  0.534065  0.656741  0.656924  0.710364  0.777385  0.834574  0.860420  0.827629  0.840339  0.878687  0.873802  0.888885  0.866079  0.802879  0.692693  0.474604  0.199747  0.113344  
0.900452  0.938238  0.730859  0.420184  0.223437  0.321087  0.408715  0.589215  0.726231  0.800040  0.831439  0.822846  0.858687  0.916060  0.933627  0.959820  0.956482  0.925984  0.866946  0.703594  0.313392  0.149150  
0.698194  0.684999  0.290354  0.187925  0.151375  0.292232  0.423107  0.529738  0.629300  0.745918  0.827993  0.861215  0.913880  0.960560  0.975722  0.985198  0.983878  0.971231  0.945417  0.865343  0.506506  0.291972  
0.199209  0.402615  0.140252  0.139770  0.185846  0.261967  0.305718  0.402046  0.538004  0.642086  0.734734  0.802443  0.882007  0.947819  0.968913  0.977787  0.974259  0.956179  0.917294  0.822983  0.485570  0.266589  
0.195779  0.171913  0.140674  0.159919  0.182226  0.321413  0.426662  0.439475  0.478965  0.618486  0.746733  0.794597  0.845854  0.904783  0.929010  0.948969  0.945024  0.909806  0.843995  0.715364  0.367092  0.254975  
0.175922  0.220150  0.206255  0.164244  0.178138  0.315609  0.395269  0.421340  0.528507  0.687272  0.818337  0.874664  0.913019  0.948818  0.963413  0.975429  0.971807  0.950811  0.909646  0.787347  0.377002  0.269742  
0.251496  0.210728  0.242464  0.226169  0.278414  0.460243  0.515443  0.518926  0.600765  0.732816  0.844817  0.898424  0.930095  0.960626  0.973361  0.981862  0.977069  0.955892  0.913901  0.765057  0.330165  0.239213  
0.205438  0.184401  0.284151  0.342354  0.411348  0.566637  0.604462  0.559552  0.610002  0.760847  0.881718  0.930876  0.949904  0.968124  0.975261  0.982885  0.978047  0.954436  0.904949  0.716151  0.263859  0.229020  
0.104042  0.125295  0.256765  0.411241  0.508690  0.617886  0.695984  0.663688  0.720623  0.870016  0.946110  0.968925  0.977152  0.983389  0.981566  0.986478  0.982604  0.959523  0.909318  0.700688  0.238698  0.211350  
0.247031  0.197942  0.266713  0.520403  0.575661  0.633854  0.682949  0.679828  0.747362  0.873408  0.945277  0.966703  0.969080  0.975892  0.977104  0.983271  0.979169  0.950544  0.880481  0.638462  0.210723  0.224931  
0.396224  0.471503  0.611717  0.639979  0.684797  0.660070  0.711771  0.770239  0.852754  0.918479  0.950977  0.963995  0.972130  0.975767  0.967802  0.961949  0.939756  0.883615  0.781392  0.524972  0.214587  0.181316  
0.913148  0.992126  0.998043  0.996450  0.993846  0.990229  0.995478  0.997457  0.997713  0.997913  0.998084  0.997547  0.997075  0.994309  0.972984  0.934298  0.886317  0.810926  0.690229  0.385948  0.167130  0.157169  
0.961530  0.995367  0.998273  0.995954  0.985110  0.980597  0.990355  0.995288  0.996077  0.997348  0.998266  0.997967  0.997453  0.995434  0.980933  0.952162  0.908405  0.850822  0.746884  0.447796  0.176002  0.127362  
0.961244  0.995513  0.998550  0.997446  0.993218  0.992235  0.994606  0.996317  0.996737  0.997348  0.997822  0.996600  0.995261  0.990841  0.960177  0.918214  0.885515  0.841858  0.753961  0.485861  0.211233  0.153451  
0.971821  0.996670  0.998533  0.995817  0.991653  0.990139  0.992303  0.993448  0.992872  0.995039  0.997330  0.996893  0.996499  0.993493  0.968349  0.924536  0.889170  0.851692  0.771503  0.490763  0.204714  0.161729  
0.976180  0.996152  0.998262  0.994193  0.986254  0.981218  0.983315  0.987419  0.989406  0.993481  0.996304  0.995298  0.994260  0.989094  0.952246  0.893652  0.840804  0.778068  0.674290  0.403003  0.171621  0.127921  
0.974015  0.996673  0.998558  0.995368  0.993361  0.990288  0.989987  0.991802  0.993185  0.995709  0.997462  0.996819  0.996084  0.992329  0.962866  0.908306  0.857184  0.801888  0.703086  0.425576  0.163360  0.114609  
0.979163  0.997293  0.999031  0.995844  0.993718  0.991511  0.990311  0.990022  0.990534  0.993194  0.995970  0.995300  0.994926  0.991369  0.966177  0.923756  0.884897  0.839880  0.757311  0.500346  0.217898  0.171056  
0.984107  0.997146  0.998999  0.996077  0.991956  0.990514  0.989927  0.989703  0.989497  0.991185  0.993713  0.991458  0.990447  0.985287  0.954268  0.916104  0.880019  0.828380  0.738840  0.492078  0.241301  0.195390  
0.987488  0.996251  0.998009  0.992830  0.990355  0.992009  0.991951  0.991600  0.989976  0.986728  0.985005  0.976132  0.972589  0.965767  0.930886  0.901581  0.865986  0.810628  0.718271  0.495131  0.267482  0.214310  
0.988625  0.994769  0.997646  0.992808  0.992643  0.993966  0.994719  0.993214  0.987262  0.978430  0.973635  0.961317  0.959124  0.950978  0.905619  0.864781  0.811690  0.728813  0.617606  0.415142  0.247134  0.224254  
0.982348  0.993986  0.997553  0.993914  0.997162  0.998218  0.997874  0.995472  0.987773  0.973548  0.962802  0.945069  0.940581  0.933903  0.890821  0.850975  0.801577  0.726227  0.620468  0.439445  0.267774  0.254631  
0.978772  0.993644  0.996009  0.990163  0.993870  0.994629  0.993340  0.987793  0.970913  0.950458  0.938881  0.909198  0.889569  0.865824  0.792290  0.744427  0.687145  0.605465  0.491553  0.317860  0.185945  0.179398  
0.979680  0.992549  0.995048  0.977850  0.981367  0.986355  0.979531  0.965091  0.944937  0.920480  0.900232  0.847002  0.814012  0.790848  0.737393  0.699226  0.644654  0.573578  0.461197  0.285239  0.159514  0.159676  
0.975811  0.991279  0.992873  0.967020  0.971149  0.974421  0.965146  0.950099  0.925054  0.894882  0.876540  0.820403  0.784813  0.750606  0.668245  0.617026  0.560620  0.482235  0.368584  0.220285  0.138069  0.151275  
0.970600  0.986963  0.988690  0.949710  0.950361  0.963572  0.944306  0.916158  0.882237  0.849584  0.837193  0.774232  0.735426  0.708526  0.636875  0.594576  0.538029  0.449571  0.341837  0.214688  0.138913  0.148275  
0.976382  0.985906  0.981646  0.907587  0.925508  0.950820  0.914541  0.860400  0.808865  0.771911  0.782185  0.722580  0.678574  0.657518  0.609077  0.582325  0.531784  0.443983  0.337276  0.221810  0.151508  0.159623  
0.966280  0.981938  0.970431  0.848861  0.869704  0.915636  0.882956  0.837580  0.796386  0.762229  0.759857  0.687669  0.631754  0.613042  0.581583  0.565770  0.515875  0.428886  0.326779  0.222469  0.157658  0.165258  
0.961774  0.979024  0.963344  0.855385  0.838829  0.901844  0.880328  0.835762  0.780890  0.752591  0.760419  0.693568  0.621244  0.590622  0.554793  0.543967  0.495593  0.409798  0.313761  0.218955  0.166746  0.193036  
0.926914  0.968333  0.943681  0.839495  0.846943  0.898957  0.879679  0.841038  0.805970  0.778913  0.757374  0.677257  0.586587  0.545407  0.514783  0.499403  0.446589  0.370031  0.287578  0.213954  0.175360  0.215855  
0.902681  0.952762  0.887679  0.721256  0.821329  0.868343  0.837545  0.827041  0.837860  0.799040  0.726676  0.614875  0.525951  0.502690  0.490487  0.475508  0.410527  0.331454  0.260905  0.207945  0.184364  0.216154  
0.822434  0.923003  0.785286  0.621942  0.748604  0.784897  0.780748  0.810347  0.816096  0.758726  0.672864  0.574162  0.487931  0.455769  0.428525  0.404879  0.341661  0.271960  0.217074  0.182124  0.179319  0.216547  
0.778434  0.825902  0.659622  0.605008  0.740509  0.787041  0.774564  0.784865  0.778592  0.728157  0.654005  0.562481  0.481116  0.440693  0.399156  0.377268  0.319909  0.252633  0.210176  0.189892  0.196390  0.236209  
0.716915  0.786084  0.625498  0.571859  0.715323  0.774121  0.758231  0.764316  0.754744  0.701787  0.639610  0.563004  0.481467  0.433230  0.383756  0.357697  0.303203  0.243789  0.212794  0.205613  0.223888  0.270185  
0.346274  0.493593  0.441799  0.479160  0.587763  0.674017  0.712542  0.738360  0.726569  0.668646  0.579025  0.493074  0.434898  0.398178  0.352746  0.334087  0.284771  0.228700  0.208630  0.207578  0.230394  0.280126  
0.162189  0.390314  0.381408  0.357897  0.552440  0.653816  0.737880  0.719924  0.619746  0.533900  0.461253  0.409473  0.387749  0.365377  0.325008  0.310902  0.271433  0.225724  0.219384  0.228451  0.244041  0.284754  
0.221403  0.265809  0.267056  0.295130  0.512460  0.653456  0.683515  0.609365  0.491178  0.442419  0.412920  0.371536  0.348428  0.323258  0.281349  0.269677  0.240051  0.201571  0.197580  0.214289  0.233222  0.299092  
0.071874  0.259461  0.211829  0.194670  0.335051  0.385662  0.430446  0.435254  0.398524  0.354161  0.311560  0.277491  0.260098  0.244306  0.220602  0.219303  0.204706  0.179058  0.180983  0.198581  0.229389  0.311341  
0.105108  0.184853  0.149159  0.148011  0.292859  0.309095  0.321272  0.307618  0.271246  0.250960  0.236559  0.217854  0.207875  0.190642  0.166393  0.167325  0.158825  0.138933  0.145052  0.167402  0.203651  0.298081  
0.115461  0.162966  0.170677  0.190540  0.267153  0.279143  0.269863  0.248903  0.224027  0.221316  0.227141  0.209771  0.188522  0.162973  0.138846  0.143029  0.143347  0.129073  0.137857  0.162442  0.208659  0.338239  
0.064351  0.136852  0.140481  0.127687  0.186280  0.210243  0.194080  0.186797  0.192528  0.194162  0.189466  0.166705  0.153663  0.140165  0.124099  0.126631  0.125877  0.114287  0.127402  0.157079  0.204325  0.333184  
0.316348  0.566417  0.634718  0.504753  0.477409  0.427771  0.334403  0.351672  0.424862  0.452390  0.431377  0.341202  0.269789  0.224226  0.185624  0.177052  0.176245  0.158016  0.164824  0.167549  0.189673  0.316180  
0.782579  0.926212  0.934311  0.863880  0.767334  0.672960  0.603921  0.650381  0.685350  0.653762  0.599055  0.456322  0.349976  0.279263  0.217634  0.209167  0.219970  0.201152  0.194660  0.165425  0.166524  0.292991  
0.871215  0.951397  0.958101  0.900115  0.766002  0.681448  0.645668  0.668066  0.623113  0.591920  0.580383  0.443649  0.332268  0.259922  0.187349  0.194707  0.215280  0.192338  0.180204  0.141679  0.141711  0.290011  
0.935623  0.976336  0.981590  0.945298  0.869595  0.827360  0.805586  0.793635  0.700174  0.626449  0.616084  0.479711  0.377563  0.301339  0.208462  0.215970  0.235476  0.205552  0.187865  0.141936  0.127627  0.218604  
0.916830  0.971923  0.991117  0.988448  0.990712  0.990501  0.990603  0.980637  0.934904  0.864792  0.835329  0.774414  0.746775  0.683247  0.510823  0.458798  0.426518  0.349621  0.318111  0.258564  0.186144  0.244877  
0.904093  0.957047  0.986468  0.990971  0.997762  0.997537  0.996078  0.984805  0.919802  0.837789  0.854084  0.849576  0.872145  0.831039  0.620954  0.519667  0.462586  0.368862  0.344785  0.291602  0.210429  0.266073  
0.930267  0.969035  0.989997  0.993968  0.998852  0.998580  0.997712  0.990900  0.949338  0.892127  0.893619  0.880814  0.893782  0.844292  0.604634  0.491853  0.430958  0.350743  0.327315  0.258358  0.169031  0.209826  
0.953911  0.980044  0.994168  0.994884  0.998745  0.998552  0.997973  0.993501  0.969616  0.928495  0.915319  0.889403  0.893013  0.842637  0.614597  0.506705  0.445061  0.368140  0.343326  0.271070  0.183586  0.234001  
0.961476  0.984036  0.996547  0.996359  0.998957  0.999114  0.998757  0.996036  0.984001  0.960570  0.944486  0.911829  0.906227  0.860445  0.653357  0.549237  0.497465  0.431176  0.406322  0.326767  0.224357  0.293028  
0.951365  0.979095  0.994388  0.995616  0.998418  0.998560  0.998361  0.995950  0.984518  0.964940  0.955581  0.934287  0.920834  0.872513  0.674453  0.569900  0.509633  0.430317  0.396251  0.319474  0.214184  0.260830  
0.943815  0.974567  0.992887  0.993182  0.997665  0.998224  0.998042  0.995879  0.989071  0.981784  0.974441  0.953799  0.939479  0.891461  0.655531  0.523080  0.467559  0.417695  0.404132  0.319792  0.227818  0.333857  
0.935146  0.974372  0.990873  0.988258  0.994976  0.995577  0.994311  0.989896  0.982763  0.980390  0.976125  0.954799  0.933435  0.868979  0.596962  0.452155  0.398519  0.360177  0.358202  0.287190  0.195250  0.272851  
0.934419  0.971163  0.989458  0.988085  0.993626  0.993201  0.991904  0.989989  0.988120  0.987755  0.982854  0.963507  0.938978  0.873038  0.618944  0.477680  0.408131  0.358731  0.347034  0.267660  0.159962  0.192289  
0.941789  0.977324  0.987769  0.983906  0.989622  0.989275  0.987002  0.987199  0.988243  0.988351  0.982518  0.960223  0.925855  0.856855  0.643680  0.531923  0.465177  0.412292  0.399400  0.317759  0.193373  0.214720  
0.950048  0.987846  0.995553  0.990492  0.994452  0.992638  0.988520  0.985144  0.985622  0.989948  0.989983  0.980762  0.965079  0.915859  0.671330  0.480040  0.413447  0.386196  0.386165  0.302325  0.206938  0.317284  
0.955306  0.988734  0.995499  0.988158  0.989432  0.983644  0.972753  0.968097  0.975144  0.986845  0.988835  0.977100  0.955506  0.884296  0.576017  0.386437  0.321819  0.287325  0.276625  0.196920  0.116135  0.164945  
0.946916  0.988408  0.993301  0.982108  0.973189  0.961425  0.933878  0.953278  0.981047  0.993753  0.996246  0.993042  0.985791  0.958811  0.757611  0.554891  0.481714  0.441976  0.423754  0.286122  0.145181  0.180754  
0.934483  0.992444  0.997397  0.990078  0.981247  0.967480  0.948480  0.951399  0.973398  0.992652  0.996893  0.994942  0.990724  0.968868  0.744333  0.487388  0.414094  0.371022  0.357304  0.243651  0.138657  0.212093  
0.944000  0.986881  0.994167  0.984391  0.968130  0.955285  0.934150  0.939955  0.964823  0.989349  0.995445  0.993019  0.988038  0.964587  0.752458  0.535649  0.472373  0.424215  0.401352  0.264833  0.154542  0.237008  
0.948775  0.989961  0.995059  0.979017  0.959237  0.942838  0.933116  0.939801  0.957765  0.984673  0.992050  0.986563  0.975737  0.931503  0.642977  0.415024  0.351769  0.310836  0.288199  0.183768  0.116630  0.208758  
0.945283  0.990205  0.993607  0.973728  0.936819  0.932436  0.892463  0.904881  0.947197  0.981954  0.991692  0.986418  0.974771  0.935351  0.691846  0.502970  0.456954  0.412815  0.386343  0.244039  0.124996  0.171667  
0.940395  0.990746  0.995377  0.978111  0.951956  0.940721  0.922282  0.927135  0.953215  0.984648  0.993027  0.988592  0.979512  0.941573  0.661651  0.437207  0.394291  0.359698  0.334275  0.206690  0.127468  0.229111  
0.951042  0.990229  0.994778  0.970293  0.924648  0.905356  0.880755  0.886728  0.921915  0.973591  0.987618  0.980107  0.964289  0.906704  0.585755  0.375798  0.334720  0.302187  0.277526  0.170973  0.121922  0.260786  
0.937544  0.980245  0.977638  0.886189  0.762376  0.651659  0.586464  0.657676  0.741216  0.870873  0.929859  0.900230  0.842060  0.706557  0.363654  0.236783  0.207805  0.170412  0.142129  0.088338  0.070818  0.147805  
0.913036  0.945205  0.795915  0.324412  0.187619  0.146923  0.158735  0.199876  0.251673  0.381689  0.538288  0.536718  0.524413  0.478295  0.366574  0.299050  0.245184  0.195420  0.184892  0.159869  0.127541  0.217295  
0.591023  0.437163  0.137222  0.088999  0.146318  0.174612  0.168632  0.179437  0.218561  0.285055  0.325792  0.296560  0.278265  0.265958  0.233297  0.226471  0.204958  0.169248  0.167337  0.183782  0.182626  0.281563  
0.297710  0.300944  0.092052  0.049659  0.072704  0.096259  0.143253  0.152502  0.143115  0.181624  0.220323  0.213967  0.216603  0.220217  0.208222  0.221050  0.212741  0.194321  0.212301  0.267632  0.294373  0.310253  
0.209047  0.168178  0.072250  0.044227  0.070292  0.096978  0.121951  0.109792  0.104758  0.147570  0.193126  0.197060  0.209258  0.214763  0.200469  0.204529  0.190755  0.167214  0.173268  0.221693  0.253580  0.259659  
0.125340  0.144286  0.060608  0.044610  0.069232  0.090968  0.087652  0.079532  0.088354  0.124274  0.164309  0.168520  0.168607  0.170088  0.163662  0.173889  0.171481  0.158643  0.169517  0.213181  0.254041  0.274076  
0.089144  0.103505  0.073341  0.057939  0.090528  0.149166  0.150291  0.140709  0.158933  0.216644  0.252072  0.238508  0.226489  0.227788  0.222136  0.219464  0.207172  0.190440  0.200667  0.234898  0.236877  0.222625  
0.177551  0.141216  0.071651  0.047486  0.069846  0.106090  0.102866  0.108587  0.127949  0.166649  0.196821  0.184448  0.173965  0.179694  0.187097  0.201437  0.199946  0.190261  0.203175  0.241352  0.261374  0.244715  
0.115818  0.179108  0.082843  0.040222  0.054439  0.096878  0.102625  0.114688  0.134028  0.162889  0.183428  0.171480  0.154875  0.160548  0.165029  0.172024  0.169645  0.171533  0.199540  0.251356  0.276884  0.267559  
0.109447  0.144942  0.096893  0.058063  0.051781  0.079045  0.079836  0.083036  0.098960  0.133984  0.158982  0.149015  0.137814  0.138196  0.134359  0.143410  0.144819  0.146334  0.177963  0.231135  0.266026  0.277796  
0.305433  0.450575  0.852883  0.892519  0.890188  0.953703  0.954302  0.940050  0.944144  0.934654  0.892367  0.827473  0.777856  0.754180  0.678339  0.707314  0.710079  0.644044  0.613296  0.570606  0.396555  0.242642  
0.376408  0.575144  0.905615  0.906435  0.870970  0.955598  0.973348  0.965455  0.956172  0.943626  0.912083  0.872344  0.866649  0.873580  0.836627  0.817083  0.795288  0.761340  0.738682  0.670093  0.488492  0.339875  
0.251917  0.443274  0.772843  0.844042  0.812473  0.933093  0.946870  0.931442  0.928327  0.913768  0.876242  0.835592  0.852911  0.882358  0.870933  0.864983  0.859168  0.848677  0.829098  0.763363  0.577436  0.467737  
0.417778  0.650989  0.874540  0.867220  0.758923  0.908701  0.939823  0.937115  0.938095  0.927398  0.883723  0.826805  0.834251  0.864931  0.855884  0.848815  0.839226  0.826723  0.811811  0.730073  0.507392  0.383188  
0.403567  0.497831  0.715539  0.854242  0.797082  0.916573  0.917540  0.908541  0.912636  0.901622  0.886483  0.882287  0.891832  0.912366  0.903337  0.885342  0.864868  0.844363  0.818455  0.726711  0.485700  0.359365  
0.435566  0.705319  0.879545  0.908722  0.889338  0.953843  0.960071  0.952513  0.945090  0.921672  0.901114  0.893307  0.918309  0.939993  0.930064  0.912453  0.894355  0.876672  0.849731  0.750750  0.501802  0.384166  
0.849694  0.971146  0.988567  0.980345  0.945488  0.952886  0.961090  0.957679  0.941834  0.925661  0.923529  0.915236  0.926826  0.931178  0.894179  0.853266  0.840757  0.835222  0.814856  0.674376  0.426266  0.354798  
0.941905  0.994622  0.997888  0.993394  0.975417  0.976679  0.981506  0.983087  0.982162  0.981070  0.981001  0.968479  0.955182  0.929887  0.843845  0.779947  0.788771  0.810700  0.805637  0.664353  0.391247  0.249862  
0.960569  0.996495  0.998802  0.996724  0.989327  0.988703  0.990036  0.987673  0.981067  0.978458  0.980877  0.970059  0.961155  0.938020  0.840205  0.774833  0.783527  0.800311  0.790044  0.639089  0.381722  0.272868  
0.962483  0.995098  0.998256  0.993959  0.985369  0.989968  0.991948  0.989570  0.984315  0.981736  0.982644  0.971885  0.967054  0.951044  0.867155  0.798292  0.795789  0.812151  0.798320  0.642027  0.365823  0.265137  
0.965927  0.995197  0.998332  0.994268  0.986683  0.991154  0.993553  0.992563  0.988832  0.985129  0.983136  0.972521  0.967739  0.957190  0.899818  0.846815  0.831951  0.835808  0.818322  0.678839  0.410961  0.305666  
0.969686  0.996595  0.998953  0.995918  0.992062  0.994899  0.995585  0.993628  0.989097  0.984910  0.984747  0.978220  0.976618  0.971665  0.939733  0.900067  0.885576  0.890613  0.877352  0.760882  0.470175  0.346538  
0.973391  0.996731  0.998586  0.993428  0.985232  0.990136  0.991432  0.986886  0.974136  0.962836  0.964667  0.951772  0.950554  0.943868  0.897491  0.852921  0.840907  0.849016  0.833432  0.697183  0.411754  0.301746  
0.979933  0.996275  0.997775  0.983711  0.946218  0.956086  0.951365  0.929402  0.895079  0.894772  0.905309  0.862418  0.842664  0.832376  0.775952  0.760911  0.749243  0.736181  0.700451  0.558291  0.317752  0.238437  
0.970946  0.986452  0.974021  0.765982  0.714224  0.791125  0.797992  0.747575  0.712626  0.738309  0.765933  0.728565  0.750394  0.803225  0.811735  0.826663  0.816510  0.796889  0.781209  0.702837  0.438958  0.270022  
0.306024  0.628631  0.219670  0.122050  0.292055  0.324756  0.336375  0.337340  0.387640  0.366526  0.319126  0.296008  0.323148  0.411450  0.479088  0.517180  0.520731  0.509654  0.524848  0.565009  0.434891  0.316437  
0.188870  0.312213  0.113556  0.092133  0.222488  0.189464  0.156671  0.142328  0.163880  0.187054  0.204120  0.201635  0.206250  0.245897  0.289400  0.321724  0.344868  0.355790  0.384285  0.463955  0.399711  0.259995  
0.236005  0.413302  0.276814  0.176030  0.270330  0.339717  0.260083  0.205456  0.208938  0.216621  0.225046  0.197903  0.192241  0.220224  0.242442  0.255853  0.285931  0.319840  0.364564  0.405798  0.341517  0.239551  
0.329698  0.561315  0.429717  0.292355  0.408413  0.522095  0.429099  0.362006  0.361629  0.318971  0.285286  0.223531  0.215656  0.252080  0.268377  0.284125  0.325730  0.357947  0.397198  0.414923  0.347931  0.235530  
0.328729  0.431828  0.265041  0.192329  0.255912  0.465419  0.427691  0.342143  0.295934  0.252612  0.235236  0.189603  0.191875  0.222536  0.225581  0.232834  0.263887  0.293832  0.340624  0.380003  0.333164  0.240833  
0.354329  0.338482  0.254872  0.217185  0.287684  0.490452  0.473920  0.377105  0.300745  0.259775  0.239306  0.194183  0.199340  0.236010  0.240406  0.258160  0.288795  0.309781  0.348613  0.379092  0.335580  0.252738  
0.298173  0.278275  0.171552  0.175495  0.235967  0.377899  0.363505  0.295789  0.240286  0.215561  0.210184  0.180816  0.184250  0.213298  0.213422  0.230695  0.259058  0.277473  0.311279  0.345994  0.320952  0.256884  
0.400479  0.531349  0.588921  0.479491  0.468912  0.617394  0.558807  0.502203  0.459433  0.410149  0.307369  0.218718  0.147166  0.131072  0.120618  0.143041  0.169449  0.195927  0.242835  0.219428  0.149324  0.096418  
0.301349  0.493625  0.406190  0.250704  0.268010  0.343703  0.401550  0.298794  0.197536  0.209027  0.226480  0.218130  0.256194  0.285888  0.263751  0.240436  0.224989  0.231748  0.272680  0.267395  0.224109  0.156382  
0.268013  0.444782  0.291769  0.257864  0.286510  0.290898  0.329628  0.345503  0.318050  0.330890  0.314991  0.288646  0.253855  0.245377  0.244842  0.249531  0.233755  0.218887  0.220766  0.219819  0.180333  0.157017  
0.118817  0.237298  0.234520  0.191077  0.243914  0.302857  0.383566  0.399110  0.392771  0.414157  0.359505  0.297397  0.282428  0.271365  0.223738  0.216489  0.197159  0.178274  0.175943  0.165677  0.131140  0.149860  
0.536432  0.797507  0.836880  0.690184  0.610229  0.618995  0.561139  0.555204  0.622698  0.716510  0.714123  0.613960  0.527675  0.462051  0.352349  0.313959  0.302643  0.292624  0.290638  0.235032  0.163686  0.179212  
0.887622  0.984377  0.988317  0.951813  0.856923  0.826384  0.785318  0.782924  0.821824  0.892680  0.918747  0.875379  0.816202  0.741855  0.576384  0.490020  0.488358  0.490145  0.467249  0.329324  0.164672  0.137862  
0.949055  0.992147  0.996326  0.983519  0.923247  0.914048  0.904390  0.891419  0.892530  0.950348  0.970691  0.952298  0.914669  0.850356  0.680643  0.558974  0.534113  0.530931  0.504192  0.353030  0.166929  0.140570  
0.946918  0.993559  0.996143  0.980688  0.938018  0.916931  0.846613  0.798932  0.820009  0.906428  0.948308  0.925200  0.881222  0.816541  0.656778  0.557595  0.550102  0.539465  0.501831  0.343639  0.157769  0.121348  
0.942779  0.991957  0.996293  0.975119  0.919712  0.918252  0.862509  0.792270  0.808962  0.916656  0.955660  0.932289  0.891710  0.821920  0.629582  0.495876  0.459115  0.439660  0.402108  0.269037  0.128749  0.125221  
0.948455  0.992481  0.994719  0.968129  0.909291  0.898205  0.853149  0.830600  0.859607  0.931114  0.956326  0.930026  0.882798  0.819886  0.672846  0.561662  0.518701  0.498080  0.449231  0.300184  0.141011  0.125634  
0.952521  0.993160  0.995648  0.969313  0.909741  0.900367  0.827545  0.781517  0.823661  0.917365  0.952126  0.925775  0.878715  0.816397  0.666413  0.552448  0.508568  0.480530  0.424824  0.274588  0.123565  0.113299  
0.959083  0.992719  0.992955  0.943986  0.828552  0.824355  0.717252  0.680318  0.739410  0.853454  0.908368  0.867781  0.799456  0.739787  0.619074  0.524942  0.483299  0.451009  0.389008  0.246454  0.111465  0.104469  
0.955749  0.987285  0.983585  0.856753  0.694638  0.711219  0.581364  0.518542  0.602254  0.737506  0.800328  0.725922  0.656496  0.623908  0.548495  0.482555  0.435017  0.396374  0.341825  0.238017  0.117092  0.109075  
0.921561  0.972634  0.947259  0.651611  0.659541  0.761734  0.650020  0.597852  0.698064  0.762980  0.753136  0.653093  0.581836  0.590452  0.601859  0.581252  0.518325  0.455542  0.399264  0.312676  0.147469  0.115939  
0.707624  0.827625  0.588509  0.316637  0.351431  0.518812  0.616569  0.647709  0.676296  0.724227  0.702082  0.645289  0.644433  0.730044  0.796998  0.849795  0.834503  0.777637  0.721606  0.617143  0.262435  0.124633  
0.579879  0.432767  0.323918  0.259669  0.412189  0.624389  0.681837  0.668235  0.670494  0.720649  0.738343  0.741433  0.795267  0.893553  0.941051  0.964872  0.962458  0.943926  0.916594  0.849703  0.448149  0.179359  
0.401513  0.323240  0.280183  0.195066  0.313788  0.479572  0.622223  0.611933  0.590801  0.688536  0.756454  0.785927  0.851379  0.929985  0.964423  0.981390  0.980152  0.966155  0.944788  0.892053  0.514426  0.195226  
0.267570  0.253508  0.279324  0.278196  0.344712  0.523074  0.700250  0.670471  0.637373  0.753929  0.811561  0.829592  0.893239  0.957587  0.980644  0.991582  0.991908  0.985626  0.974366  0.943887  0.628252  0.257105  
0.247125  0.231545  0.269847  0.345037  0.556073  0.667160  0.734379  0.708383  0.741810  0.825814  0.858968  0.877440  0.932850  0.977955  0.991247  0.996317  0.996478  0.993686  0.987663  0.969427  0.718921  0.284764  
0.136595  0.175985  0.243099  0.244474  0.314444  0.446934  0.556977  0.564495  0.629925  0.764452  0.823794  0.850902  0.914431  0.971592  0.988946  0.995576  0.995845  0.992344  0.985185  0.964062  0.697240  0.291915  
0.231904  0.272709  0.288903  0.249479  0.324960  0.536543  0.659025  0.658766  0.678490  0.776082  0.843744  0.884832  0.944267  0.984995  0.994725  0.997769  0.997702  0.995690  0.991286  0.975785  0.738695  0.319927  
0.207121  0.228648  0.372262  0.328443  0.357348  0.491160  0.538134  0.517651  0.615046  0.779168  0.869524  0.910862  0.959514  0.988624  0.995704  0.998121  0.998022  0.996102  0.991857  0.977247  0.736503  0.326847  
0.175282  0.250132  0.283420  0.246603  0.337071  0.583974  0.624629  0.554754  0.570133  0.710314  0.815649  0.874678  0.943826  0.985917  0.995072  0.997694  0.997439  0.995032  0.989847  0.971338  0.705109  0.314730  
0.133242  0.291806  0.308504  0.219214  0.251748  0.515399  0.680764  0.673887  0.646850  0.751050  0.849176  0.901419  0.950662  0.986107  0.994729  0.997233  0.996708  0.993901  0.988446  0.969660  0.705297  0.328704  
0.100719  0.213595  0.149911  0.104169  0.175055  0.312881  0.415042  0.451163  0.478741  0.603551  0.732448  0.825945  0.905083  0.970397  0.987989  0.992803  0.990816  0.983808  0.972041  0.937984  0.618013  0.291348  
0.096309  0.229737  0.085994  0.055438  0.093867  0.120689  0.101577  0.140937  0.210837  0.263141  0.341727  0.433137  0.516966  0.740835  0.866870  0.896999  0.884768  0.843341  0.790564  0.725470  0.400337  0.210218  
0.063160  0.173715  0.068098  0.049477  0.096175  0.093699  0.077037  0.098139  0.138390  0.168333  0.207055  0.242203  0.250631  0.335647  0.429614  0.433762  0.405201  0.363506  0.330397  0.317228  0.186228  0.146014  
0.204807  0.318917  0.091473  0.038624  0.094459  0.096314  0.067104  0.085890  0.131822  0.156018  0.168250  0.168264  0.153937  0.177357  0.210738  0.216832  0.203941  0.194480  0.201092  0.208552  0.161823  0.160791  
0.128679  0.264870  0.094576  0.033430  0.068733  0.083688  0.051171  0.055440  0.088885  0.116134  0.129846  0.130642  0.115374  0.122160  0.134901  0.127166  0.117919  0.125107  0.162114  0.189249  0.150576  0.131918  
0.076854  0.214281  0.074301  0.028873  0.051754  0.058959  0.060398  0.076381  0.091683  0.107903  0.112945  0.110504  0.091389  0.093833  0.104628  0.105859  0.103912  0.112973  0.148800  0.182729  0.154311  0.129015  
0.167518  0.236753  0.071121  0.035275  0.061382  0.069364  0.065389  0.084889  0.106345  0.123690  0.120528  0.108857  0.088337  0.087647  0.093844  0.104430  0.109209  0.120633  0.157674  0.187416  0.169506  0.148553  
0.087692  0.176810  0.072935  0.039351  0.055320  0.077615  0.084869  0.083962  0.082801  0.105568  0.114813  0.110671  0.095332  0.095706  0.103661  0.117993  0.123616  0.131321  0.169542  0.204149  0.178219  0.165389  
0.081440  0.177406  0.077286  0.053608  0.064193  0.074872  0.065332  0.070549  0.090750  0.123893  0.132450  0.121187  0.105409  0.105924  0.114199  0.137676  0.148916  0.153333  0.189789  0.216175  0.198221  0.210161  
0.048925  0.114468  0.066359  0.046633  0.065539  0.093871  0.080197  0.081003  0.097972  0.134469  0.148863  0.138811  0.116429  0.116631  0.132039  0.151292  0.157455  0.152376  0.180785  0.206937  0.182957  0.181284  
0.023064  0.098790  0.055205  0.038799  0.056973  0.091503  0.107432  0.138505  0.150553  0.169167  0.161814  0.147510  0.115165  0.115732  0.139530  0.166700  0.176355  0.175595  0.202646  0.215205  0.188884  0.177640  
0.016082  0.077707  0.046218  0.029563  0.045716  0.070982  0.082000  0.109230  0.129227  0.150149  0.145746  0.134515  0.106189  0.107138  0.131016  0.158488  0.168442  0.166109  0.191082  0.210906  0.189673  0.176884  
0.023563  0.062189  0.103546  0.068721  0.083579  0.126346  0.131015  0.146115  0.141188  0.142248  0.107418  0.099550  0.068579  0.058507  0.061767  0.075385  0.077042  0.074375  0.088721  0.080575  0.057975  0.050302  
0.039179  0.146549  0.157308  0.100909  0.090666  0.173687  0.202615  0.158568  0.109853  0.123676  0.106116  0.097182  0.073795  0.064566  0.064533  0.086859  0.099492  0.097059  0.119068  0.105100  0.058539  0.045179  
0.091688  0.216985  0.316119  0.236722  0.270495  0.405464  0.476863  0.413126  0.373780  0.485410  0.492925  0.476890  0.503441  0.533204  0.529409  0.564030  0.515698  0.441950  0.421525  0.357178  0.166011  0.103984  
0.161384  0.324322  0.305815  0.394975  0.549430  0.594358  0.594159  0.623068  0.703543  0.766981  0.746275  0.719676  0.664767  0.643531  0.647134  0.681422  0.661184  0.596701  0.564275  0.454871  0.214420  0.150799  
0.133316  0.290304  0.391953  0.416104  0.490019  0.609688  0.669671  0.673354  0.676901  0.727475  0.744984  0.752920  0.713676  0.703045  0.710736  0.725229  0.686005  0.621261  0.561619  0.430607  0.217407  0.197941  
0.110575  0.337102  0.385885  0.366195  0.561496  0.719121  0.749717  0.743973  0.791366  0.833796  0.830197  0.812483  0.803540  0.798328  0.763557  0.752814  0.712506  0.654767  0.611488  0.513684  0.299645  0.228120  
0.475428  0.684637  0.772872  0.718575  0.788574  0.850998  0.852744  0.875534  0.928864  0.951936  0.943434  0.913456  0.892321  0.859811  0.772459  0.740428  0.703831  0.658507  0.624799  0.517185  0.325818  0.247638  
0.924395  0.987160  0.987470  0.965559  0.949407  0.947425  0.950427  0.956087  0.963743  0.970679  0.969626  0.945653  0.926959  0.893725  0.784722  0.757561  0.764550  0.750134  0.728740  0.575460  0.341991  0.251037  
0.962215  0.992372  0.993879  0.977724  0.940182  0.947339  0.960867  0.971031  0.975444  0.982477  0.985323  0.973298  0.958552  0.930985  0.843068  0.817794  0.833608  0.837589  0.819961  0.678887  0.416221  0.288672  
0.958254  0.992193  0.994303  0.979772  0.964352  0.977677  0.980709  0.979481  0.975407  0.976003  0.976329  0.953286  0.932058  0.897715  0.770670  0.751551  0.787514  0.793514  0.772023  0.628729  0.410931  0.330028  
0.963966  0.993105  0.995093  0.976606  0.954754  0.959133  0.948712  0.955762  0.971950  0.984708  0.987696  0.976695  0.960725  0.930812  0.810853  0.767254  0.780915  0.774659  0.752334  0.606184  0.397458  0.338771  
0.952026  0.991730  0.994817  0.978888  0.964341  0.978185  0.974905  0.976874  0.986184  0.992437  0.994136  0.987120  0.977731  0.954648  0.839023  0.796261  0.830994  0.843788  0.832572  0.700616  0.440085  0.324650  
0.957270  0.993977  0.996575  0.985298  0.971679  0.982009  0.984743  0.987107  0.990590  0.994815  0.996280  0.991809  0.985180  0.966061  0.843447  0.785013  0.824937  0.836720  0.825048  0.694696  0.478979  0.411497  
0.962947  0.994433  0.997126  0.984438  0.975356  0.984813  0.988033  0.988615  0.989959  0.993474  0.994630  0.988122  0.979854  0.957184  0.829222  0.764488  0.789770  0.796060  0.773050  0.609902  0.380138  0.330758  
0.968389  0.994062  0.993954  0.967308  0.950326  0.969766  0.979760  0.984246  0.984852  0.986856  0.986941  0.972015  0.954872  0.923725  0.807347  0.771348  0.789079  0.790987  0.761427  0.586526  0.329040  0.235264  
0.975387  0.994568  0.993862  0.954001  0.925196  0.936237  0.932808  0.947314  0.962835  0.974067  0.978657  0.962996  0.946930  0.922353  0.833110  0.800741  0.803008  0.789938  0.757061  0.596099  0.368241  0.294944  
0.972044  0.992944  0.991540  0.941859  0.899006  0.945801  0.956344  0.955374  0.946128  0.952847  0.963632  0.945162  0.933234  0.910016  0.803957  0.756523  0.751568  0.733977  0.705759  0.558239  0.361600  0.323430  
0.965105  0.986418  0.970423  0.832806  0.804496  0.861527  0.874370  0.851094  0.828697  0.864178  0.898513  0.868609  0.860839  0.844807  0.756407  0.737325  0.732858  0.712681  0.696477  0.603000  0.419674  0.351277  
0.958166  0.983836  0.942787  0.711466  0.755948  0.801202  0.774792  0.755450  0.748628  0.772909  0.808224  0.767294  0.753403  0.758709  0.728853  0.732710  0.726291  0.704618  0.685578  0.604519  0.431463  0.337705  
0.932025  0.971979  0.911809  0.669936  0.664907  0.727272  0.728714  0.696238  0.669819  0.718006  0.769441  0.730359  0.723201  0.726977  0.692448  0.704947  0.703152  0.679485  0.666501  0.596653  0.432920  0.342491  
0.932422  0.971721  0.902898  0.630567  0.673846  0.722525  0.692641  0.651200  0.661580  0.751969  0.824177  0.808421  0.814429  0.819262  0.779493  0.777417  0.763831  0.733304  0.715391  0.646003  0.460499  0.348092  
0.937241  0.958155  0.854971  0.578720  0.638741  0.691788  0.646617  0.564446  0.543594  0.616707  0.692592  0.661462  0.665013  0.675496  0.652095  0.673589  0.669164  0.635700  0.619286  0.571852  0.430753  0.335188  
0.896665  0.941960  0.805130  0.521620  0.519502  0.646199  0.654733  0.571257  0.512500  0.577036  0.631743  0.568487  0.539734  0.535095  0.512518  0.558872  0.576735  0.551058  0.549970  0.522549  0.410091  0.346454  
0.852756  0.909747  0.562663  0.229032  0.379605  0.457214  0.446692  0.405209  0.390683  0.443492  0.474405  0.413057  0.391975  0.399899  0.403192  0.464219  0.486645  0.455804  0.457349  0.458018  0.383307  0.304726  
0.735205  0.749362  0.232268  0.091960  0.200001  0.300348  0.293922  0.233532  0.195196  0.243224  0.301995  0.283501  0.277702  0.282534  0.282767  0.333726  0.355137  0.330028  0.336120  0.366253  0.340265  0.296468  
0.371456  0.487518  0.145027  0.064745  0.125736  0.199050  0.239906  0.211098  0.170067  0.209377  0.255179  0.243485  0.230184  0.227025  0.223523  0.264445  0.282648  0.271380  0.290929  0.331682  0.329295  0.315268  
0.335059  0.353150  0.127007  0.053222  0.124825  0.212172  0.228200  0.178091  0.142638  0.182099  0.228779  0.224424  0.217409  0.217281  0.216637  0.254680  0.268929  0.260037  0.282039  0.323361  0.324999  0.326518  
0.074435  0.199456  0.066926  0.036399  0.112912  0.153168  0.174928  0.173035  0.164018  0.190496  0.203687  0.197797  0.181165  0.180141  0.188812  0.222029  0.239260  0.243809  0.272361  0.311581  0.315726  0.307342  
0.118915  0.269879  0.086264  0.048430  0.134918  0.165387  0.128024  0.115913  0.139521  0.173121  0.183270  0.169519  0.157332  0.158258  0.168395  0.203988  0.232268  0.245703  0.281543  0.323811  0.335796  0.333670  
0.147437  0.175867  0.056644  0.027970  0.067775  0.119775  0.085990  0.075490  0.099345  0.139232  0.161616  0.146639  0.133003  0.135344  0.151757  0.186013  0.212961  0.223524  0.261348  0.314862  0.344965  0.336038  
0.032558  0.124642  0.063695  0.025765  0.053514  0.106019  0.100843  0.092335  0.103859  0.135493  0.154664  0.145224  0.125639  0.126608  0.144605  0.172839  0.197118  0.210909  0.250293  0.297625  0.319277  0.326204  
0.057454  0.138615  0.069099  0.040110  0.085226  0.132593  0.086934  0.079199  0.111613  0.150321  0.162959  0.147633  0.126575  0.124623  0.137704  0.161997  0.188244  0.203803  0.238672  0.277094  0.303628  0.325099  
0.023963  0.104963  0.057503  0.026894  0.065139  0.127264  0.101641  0.089631  0.106280  0.133520  0.141608  0.131875  0.109398  0.109210  0.127419  0.145280  0.165482  0.179072  0.213127  0.252397  0.269057  0.277671  
0.032212  0.113974  0.050624  0.015107  0.034595  0.082129  0.071181  0.068315  0.086539  0.114570  0.129663  0.121593  0.099636  0.101252  0.123117  0.144279  0.163707  0.173974  0.211758  0.265186  0.291047  0.291819  
0.081047  0.196074  0.065228  0.014598  0.029692  0.071151  0.080735  0.073888  0.073598  0.096145  0.116215  0.113524  0.100204  0.102380  0.121815  0.148697  0.166982  0.171251  0.206243  0.252972  0.279268  0.295961  
0.167445  0.209618  0.054118  0.012544  0.029648  0.060746  0.050579  0.052052  0.071651  0.101376  0.121525  0.114662  0.097227  0.096285  0.113626  0.136885  0.154623  0.157359  0.191015  0.246541  0.282400  0.285458  
0.066878  0.197173  0.059930  0.014831  0.025413  0.065557  0.085963  0.082734  0.078796  0.099138  0.111784  0.104523  0.089760  0.090799  0.108171  0.136806  0.159456  0.170525  0.210679  0.252559  0.277628  0.303452  
0.031065  0.160730  0.087193  0.027822  0.045999  0.140172  0.155699  0.143818  0.149046  0.174481  0.188148  0.167125  0.132596  0.132468  0.158643  0.182245  0.215184  0.216534  0.245762  0.292848  0.285177  0.244288  
0.091437  0.286596  0.162294  0.093933  0.138148  0.386709  0.379647  0.364168  0.399279  0.416385  0.397125  0.324439  0.266898  0.260303  0.275304  0.314104  0.372909  0.383989  0.403581  0.412556  0.374955  0.340355  
0.210959  0.277900  0.099210  0.053716  0.078947  0.238953  0.231548  0.199577  0.198132  0.220992  0.226524  0.185728  0.166880  0.170352  0.191299  0.237221  0.295264  0.310295  0.329370  0.338708  0.327479  0.324510  
0.119669  0.251265  0.094690  0.042589  0.050306  0.210723  0.170050  0.132867  0.151403  0.180361  0.188629  0.147915  0.131886  0.133420  0.148472  0.176551  0.226969  0.255190  0.287564  0.309266  0.313425  0.348701  
0.070881  0.123153  0.045065  0.022895  0.037233  0.102100  0.074108  0.059044  0.075743  0.108244  0.129908  0.112813  0.103169  0.103811  0.120936  0.144726  0.187771  0.207314  0.234960  0.273665  0.287572  0.297042  
0.104369  0.093887  0.028429  0.016088  0.019904  0.062322  0.057883  0.047558  0.051591  0.076966  0.105845  0.094390  0.087599  0.085032  0.090416  0.110943  0.147773  0.164800  0.198694  0.231925  0.273997  0.312820  
0.169760  0.121860  0.029844  0.018814  0.018658  0.053620  0.047114  0.047264  0.061148  0.093547  0.114783  0.096929  0.081007  0.070884  0.071418  0.082499  0.103546  0.113193  0.135001  0.159886  0.210163  0.273103  
0.064489  0.080065  0.030270  0.018897  0.021859  0.049963  0.044171  0.040790  0.052732  0.086833  0.112252  0.101523  0.088885  0.076616  0.074567  0.082298  0.097930  0.102314  0.117618  0.138806  0.187952  0.270687  
0.030165  0.084922  0.034833  0.017381  0.031053  0.039040  0.038186  0.046517  0.067918  0.096920  0.111851  0.105133  0.094347  0.089661  0.104187  0.135327  0.169691  0.179299  0.192273  0.209163  0.256000  0.311380  
0.056742  0.066821  0.021482  0.012685  0.028347  0.037325  0.041519  0.049608  0.062565  0.089024  0.104463  0.098600  0.090679  0.087811  0.104186  0.136913  0.169408  0.174875  0.184613  0.210579  0.260831  0.289652  
0.044126  0.083207  0.034871  0.016866  0.022176  0.035663  0.032825  0.036116  0.053896  0.085446  0.108785  0.101140  0.091973  0.089078  0.106101  0.144734  0.187131  0.203738  0.226013  0.261740  0.325494  0.382124  
0.041797  0.060122  0.032522  0.014500  0.020426  0.041940  0.042890  0.036873  0.041806  0.069127  0.096084  0.091869  0.091228  0.089327  0.101172  0.132305  0.161609  0.167399  0.183272  0.211348  0.282915  0.374517  
0.069072  0.211053  0.191162  0.071901  0.062542  0.102108  0.089541  0.086120  0.121638  0.194982  0.221269  0.187127  0.153144  0.140058  0.166008  0.198305  0.231818  0.233331  0.236732  0.229917  0.252613  0.330744  
0.053571  0.138748  0.084833  0.034884  0.041459  0.071624  0.085163  0.096611  0.110111  0.149592  0.165911  0.142057  0.115088  0.113782  0.147811  0.192941  0.233139  0.232368  0.223158  0.213587  0.236816  0.299746  
0.037108  0.077469  0.061528  0.022435  0.034518  0.071689  0.051787  0.043049  0.061830  0.101809  0.126616  0.111938  0.097096  0.102782  0.142450  0.181334  0.216431  0.209037  0.198785  0.206574  0.232139  0.299828  
0.019415  0.049240  0.030144  0.015712  0.023635  0.044592  0.039842  0.045730  0.070186  0.102062  0.121862  0.112144  0.094715  0.100641  0.141224  0.186962  0.230035  0.229953  0.227397  0.246082  0.293243  0.360408  
0.057864  0.072031  0.019467  0.011169  0.027663  0.041480  0.047134  0.061193  0.078382  0.099716  0.115738  0.109533  0.098875  0.103008  0.128089  0.162799  0.193048  0.192122  0.195095  0.225050  0.294742  0.357535  
0.091051  0.104297  0.062741  0.034550  0.042227  0.079415  0.082827  0.095904  0.093627  0.121205  0.141144  0.126243  0.094865  0.081481  0.082980  0.092685  0.107007  0.108485  0.109485  0.111542  0.141703  0.214927  
0.016410  0.051419  0.028269  0.014649  0.038935  0.067727  0.065384  0.069652  0.076579  0.087607  0.082172  0.073471  0.062344  0.052731  0.050755  0.047408  0.047338  0.047847  0.054280  0.063420  0.084660  0.141078  
0.011548  0.025910  0.022125  0.013258  0.026717  0.061116  0.065560  0.072254  0.081082  0.096255  0.095643  0.084941  0.069055  0.061529  0.067128  0.068469  0.071925  0.073356  0.078894  0.091047  0.116026  0.197291  
0.007928  0.019146  0.014388  0.008744  0.027560  0.046244  0.070077  0.075008  0.065584  0.072857  0.081499  0.081019  0.076178  0.081464  0.109982  0.147990  0.175684  0.179809  0.177564  0.197933  0.218092  0.286614  
0.008555  0.015918  0.009135  0.006366  0.019858  0.044053  0.046664  0.049283  0.057798  0.072085  0.084755  0.082072  0.073023  0.078043  0.109453  0.143952  0.174810  0.184137  0.185481  0.222041  0.248784  0.308401  
0.004012  0.015323  0.009026  0.005037  0.012242  0.028703  0.048313  0.054297  0.050114  0.058671  0.067789  0.067659  0.063815  0.069755  0.101480  0.139437  0.169596  0.176745  0.177176  0.205277  0.228550  0.295915  
0.010440  0.016999  0.014306  0.009573  0.015971  0.030236  0.039326  0.035971  0.033165  0.046350  0.063276  0.066257  0.066165  0.067689  0.087880  0.118487  0.146018  0.148009  0.143857  0.166546  0.197254  0.292332  
0.007907  0.027113  0.011323  0.008498  0.011210  0.021956  0.038463  0.035330  0.026190  0.035508  0.054455  0.062205  0.062736  0.063531  0.079802  0.110561  0.142246  0.148750  0.151544  0.179480  0.216028  0.312095  
0.010096  0.031427  0.009811  0.007810  0.017559  0.034442  0.065848  0.054837  0.031130  0.036296  0.052412  0.061157  0.062787  0.065061  0.082439  0.115818  0.147861  0.156092  0.158077  0.187569  0.217137  0.288364  
0.012739  0.033346  0.009595  0.007563  0.015803  0.023753  0.042318  0.044294  0.033290  0.040240  0.053131  0.057156  0.058880  0.059594  0.071040  0.095828  0.121040  0.127392  0.130994  0.165679  0.214351  0.291468  
0.014929  0.025579  0.006947  0.006023  0.013014  0.019382  0.035149  0.034159  0.025183  0.032844  0.045648  0.051200  0.053928  0.053410  0.063541  0.083047  0.103254  0.105964  0.112774  0.149779  0.196207  0.252206  
0.012899  0.026101  0.007420  0.006095  0.013539  0.020116  0.028761  0.024064  0.019873  0.027761  0.041488  0.046770  0.051439  0.053008  0.065818  0.093549  0.123694  0.129510  0.140435  0.185103  0.239282  0.291753  
0.006325  0.024270  0.010896  0.006177  0.011801  0.016225  0.022878  0.021406  0.021586  0.030755  0.041325  0.044174  0.047720  0.048791  0.059723  0.077541  0.098245  0.102713  0.115077  0.159155  0.208068  0.259900  
0.026488  0.040441  0.009228  0.005843  0.010595  0.016024  0.019135  0.018101  0.020708  0.030954  0.042350  0.042219  0.045746  0.046864  0.055919  0.072178  0.093089  0.095944  0.109791  0.153435  0.207301  0.247922  
0.039537  0.067311  0.010768  0.007006  0.014098  0.023635  0.031587  0.034281  0.038304  0.051175  0.057205  0.052870  0.053769  0.054740  0.067426  0.089261  0.111879  0.117847  0.130036  0.176834  0.218347  0.245165  
0.028020  0.078207  0.014896  0.007145  0.019616  0.027673  0.029249  0.030950  0.040187  0.054885  0.062125  0.059462  0.062220  0.060347  0.063366  0.076274  0.090175  0.099173  0.116349  0.163378  0.216772  0.260444  
0.071752  0.062362  0.013496  0.009698  0.017412  0.019690  0.025859  0.033454  0.040050  0.056916  0.069905  0.068821  0.067542  0.060555  0.062157  0.082374  0.101067  0.106779  0.120842  0.163658  0.222984  0.250362  
0.103223  0.091406  0.020317  0.015374  0.026408  0.031203  0.036545  0.040472  0.044362  0.061438  0.075448  0.073829  0.071498  0.063832  0.064578  0.087216  0.111074  0.122657  0.144247  0.194864  0.246784  0.262605  
0.104837  0.088474  0.015885  0.009269  0.019644  0.027537  0.032337  0.032479  0.034915  0.051016  0.064037  0.062992  0.062847  0.055919  0.054472  0.065738  0.077947  0.084310  0.106218  0.165395  0.221983  0.226816  
0.046671  0.102274  0.017305  0.006886  0.013507  0.017579  0.024185  0.030471  0.038232  0.054359  0.063436  0.062143  0.060958  0.054669  0.053673  0.062773  0.071730  0.077715  0.101560  0.162805  0.223173  0.225936  
0.022938  0.063487  0.023119  0.011334  0.008760  0.012136  0.017037  0.022636  0.032958  0.054039  0.066469  0.061850  0.056107  0.047503  0.047584  0.055897  0.067123  0.071332  0.091882  0.145742  0.206516  0.231547  
0.045696  0.090275  0.021412  0.009999  0.007995  0.011983  0.016219  0.022996  0.035835  0.058040  0.070466  0.063142  0.058210  0.052561  0.056643  0.072888  0.091499  0.098344  0.120663  0.180432  0.251740  0.285425  
0.084508  0.070862  0.023357  0.013199  0.006995  0.010349  0.016256  0.024139  0.034942  0.061447  0.078058  0.069864  0.063247  0.052861  0.051967  0.065473  0.078609  0.078438  0.093254  0.136890  0.205632  0.254574  
0.055475  0.065834  0.012601  0.007021  0.008503  0.010784  0.015402  0.019885  0.027334  0.045790  0.057340  0.055682  0.055290  0.050409  0.054643  0.070218  0.083924  0.082839  0.096948  0.144391  0.211267  0.230298  
0.051795  0.072119  0.013939  0.006966  0.010506  0.018513  0.022417  0.022181  0.027597  0.044917  0.057295  0.055293  0.056405  0.054446  0.060082  0.077405  0.093872  0.096883  0.113568  0.163515  0.228019  0.255800  
0.019280  0.052578  0.018443  0.006333  0.009315  0.016346  0.020699  0.017966  0.021084  0.037253  0.053302  0.055917  0.058857  0.056678  0.061054  0.074867  0.086372  0.085220  0.100190  0.148424  0.207597  0.240144  
0.134987  0.098512  0.014945  0.007639  0.008703  0.013312  0.017560  0.023987  0.034797  0.057408  0.070932  0.065197  0.061315  0.056452  0.060059  0.077690  0.092641  0.090432  0.101954  0.146194  0.212749  0.233957  
0.040166  0.059824  0.011222  0.007056  0.009688  0.012948  0.018974  0.022519  0.028271  0.046091  0.057219  0.055728  0.055504  0.053093  0.059832  0.081375  0.101923  0.103615  0.115482  0.157220  0.217099  0.233127  
0.094034  0.103529  0.018252  0.008604  0.008157  0.013185  0.015545  0.017490  0.026117  0.048210  0.063998  0.059557  0.059325  0.056670  0.061828  0.083121  0.102805  0.101490  0.113345  0.157289  0.222191  0.249938  
0.069378  0.078923  0.011729  0.007453  0.010381  0.011120  0.015152  0.022045  0.032681  0.052583  0.063615  0.059522  0.056757  0.053415  0.059135  0.081969  0.104599  0.106059  0.115838  0.158431  0.231727  0.240754  
0.044115  0.080686  0.010253  0.005458  0.020637  0.025196  0.029092  0.029262  0.033275  0.045477  0.051437  0.049985  0.054131  0.057435  0.068413  0.097777  0.124186  0.132137  0.142845  0.180918  0.248916  0.251030  
0.068725  0.109324  0.007642  0.004218  0.013184  0.014955  0.021573  0.031623  0.039935  0.051467  0.054427  0.052234  0.051071  0.050602  0.057441  0.079655  0.100472  0.112179  0.128797  0.180786  0.271350  0.252528  
0.016751  0.041211  0.009898  0.004824  0.011690  0.015052  0.020614  0.022073  0.025451  0.040129  0.051109  0.054535  0.051671  0.047334  0.051163  0.061490  0.073186  0.077596  0.091170  0.136441  0.192638  0.178470  
0.033127  0.092905  0.008527  0.004644  0.014667  0.015262  0.020000  0.030279  0.044187  0.057890  0.057645  0.055887  0.049670  0.045907  0.050843  0.063315  0.076764  0.084068  0.101401  0.145606  0.202710  0.173973  
0.058656  0.071099  0.013430  0.006872  0.023177  0.022474  0.029932  0.032286  0.033658  0.043813  0.045990  0.045720  0.047156  0.046973  0.054182  0.075622  0.094529  0.100954  0.113739  0.148544  0.199406  0.169875  
0.014160  0.049191  0.012657  0.007941  0.022165  0.021437  0.027669  0.033446  0.039811  0.050617  0.051233  0.051805  0.048087  0.048149  0.059217  0.078026  0.097157  0.107659  0.120647  0.165513  0.219457  0.170728  
0.071974  0.140458  0.018286  0.008651  0.024994  0.019489  0.023683  0.030958  0.037469  0.045352  0.049790  0.053019  0.049231  0.047561  0.054484  0.071177  0.087012  0.096149  0.109350  0.161411  0.237108  0.182065  
0.016020  0.066635  0.017493  0.007817  0.025148  0.024937  0.026867  0.031491  0.039209  0.048282  0.051908  0.056449  0.048686  0.045563  0.052489  0.060209  0.068002  0.073248  0.084701  0.129104  0.188922  0.145345  
0.022732  0.057583  0.021755  0.011724  0.012900  0.016120  0.027951  0.042283  0.050675  0.064693  0.066678  0.061854  0.052621  0.050584  0.059996  0.080314  0.095003  0.097243  0.108661  0.153394  0.230360  0.196010  
0.023323  0.088742  0.022833  0.007237  0.011116  0.018732  0.033376  0.044178  0.046147  0.053373  0.053370  0.050434  0.044897  0.046757  0.059867  0.079395  0.091797  0.095130  0.108342  0.154693  0.228290  0.195064  
0.034740  0.088393  0.016456  0.008028  0.015681  0.019906  0.030096  0.036278  0.036483  0.044740  0.051018  0.054276  0.048755  0.047558  0.055732  0.070892  0.082883  0.086325  0.098887  0.148295  0.222991  0.192049  
0.035114  0.086474  0.019711  0.008445  0.019144  0.021991  0.028112  0.029844  0.031313  0.040098  0.044109  0.044967  0.042850  0.040917  0.044336  0.048979  0.053876  0.054038  0.062278  0.099133  0.159075  0.153882  
0.027895  0.088889  0.022764  0.008279  0.011913  0.014381  0.023688  0.031381  0.036469  0.048078  0.050713  0.050153  0.044369  0.040489  0.043234  0.048840  0.052283  0.050872  0.062083  0.098363  0.150178  0.134809  
0.075351  0.144717  0.026314  0.011449  0.016035  0.022748  0.034271  0.044105  0.049617  0.059036  0.055441  0.049550  0.044031  0.042896  0.048638  0.062118  0.070708  0.071554  0.084694  0.119871  0.174773  0.158421  
0.023708  0.081842  0.024632  0.011421  0.013718  0.015660  0.022895  0.030134  0.037923  0.051721  0.057886  0.057975  0.050470  0.049282  0.058929  0.077665  0.092016  0.092556  0.106865  0.157497  0.217190  0.183144  
0.125959  0.194816  0.026394  0.013541  0.014911  0.017481  0.027908  0.038585  0.043321  0.055201  0.059129  0.055019  0.048405  0.046378  0.051507  0.067996  0.080946  0.080531  0.091718  0.134560  0.199074  0.180782  
0.016433  0.053409  0.021536  0.009874  0.015100  0.018846  0.029855  0.032867  0.034621  0.047692  0.053294  0.053658  0.048271  0.046642  0.053499  0.066150  0.073928  0.071264  0.083097  0.125950  0.173918  0.147051  
0.044868  0.078922  0.012400  0.010510  0.022909  0.022127  0.023895  0.031638  0.041916  0.053870  0.058514  0.057505  0.049735  0.048769  0.059050  0.079649  0.098992  0.101105  0.109706  0.152802  0.224067  0.195017  
0.088769  0.095525  0.009896  0.006933  0.029600  0.041602  0.038042  0.049051  0.065322  0.070666  0.063318  0.055229  0.046176  0.048373  0.062919  0.082483  0.100464  0.108586  0.120207  0.167285  0.237255  0.185622  
0.057810  0.059933  0.009054  0.006277  0.018898  0.028948  0.038003  0.039082  0.036658  0.044536  0.047442  0.045376  0.042265  0.043654  0.053714  0.069848  0.084256  0.089523  0.103233  0.154979  0.225379  0.166670  
0.055431  0.058469  0.008296  0.006990  0.013572  0.019021  0.021955  0.027852  0.036875  0.051044  0.056284  0.052426  0.046346  0.046656  0.057524  0.073783  0.091107  0.096191  0.111109  0.174669  0.256940  0.194973  
0.033373  0.061303  0.011583  0.008094  0.016572  0.022482  0.040877  0.049020  0.041737  0.046700  0.046699  0.045387  0.042972  0.045721  0.058870  0.082694  0.102841  0.110278  0.125429  0.172269  0.237714  0.185005  
0.069602  0.064344  0.016450  0.009752  0.011218  0.017284  0.023909  0.024803  0.025144  0.035471  0.041126  0.039014  0.036779  0.037885  0.046903  0.063740  0.081161  0.086592  0.101037  0.152746  0.220540  0.178687  
0.107504  0.096025  0.010028  0.006568  0.009316  0.011867  0.024949  0.034559  0.030964  0.037129  0.038010  0.034715  0.031835  0.034042  0.045829  0.071035  0.095465  0.102711  0.116221  0.168857  0.238539  0.175378  
0.108274  0.054898  0.008434  0.008226  0.015091  0.021787  0.028511  0.031181  0.031782  0.042119  0.044015  0.039162  0.035596  0.037006  0.047147  0.069400  0.092822  0.102461  0.116724  0.167204  0.233118  0.170400  
0.043902  0.039157  0.011327  0.012103  0.015906  0.016289  0.017758  0.021155  0.029586  0.045697  0.051151  0.046211  0.042430  0.043951  0.056830  0.087730  0.121645  0.131048  0.145903  0.202255  0.269430  0.197438  
0.054663  0.047435  0.012753  0.013156  0.015957  0.016026  0.032711  0.044126  0.038089  0.046000  0.046319  0.042223  0.040040  0.042449  0.054944  0.090257  0.123744  0.133130  0.146116  0.189466  0.256615  0.186359  
0.026303  0.042228  0.011936  0.009155  0.015750  0.016324  0.019679  0.024932  0.032485  0.045072  0.047817  0.045451  0.042444  0.044917  0.057670  0.083909  0.108615  0.116011  0.132216  0.186101  0.255221  0.186897  
0.046400  0.056726  0.010909  0.008616  0.019105  0.021353  0.028632  0.036892  0.039261  0.048037  0.052180  0.052245  0.047968  0.050273  0.063372  0.093377  0.118977  0.125779  0.140824  0.188309  0.260873  0.200130  
0.028111  0.089225  0.017601  0.010057  0.043967  0.047771  0.037386  0.036890  0.045536  0.052078  0.054037  0.056577  0.052991  0.059085  0.080851  0.117994  0.151817  0.170301  0.192625  0.251178  0.312844  0.228496  
0.048004  0.076070  0.021477  0.012802  0.030623  0.032625  0.038041  0.043598  0.045077  0.055964  0.065967  0.068626  0.059059  0.057786  0.068510  0.094065  0.117442  0.125919  0.142094  0.197595  0.261688  0.183620  
0.011434  0.043026  0.010592  0.006562  0.033329  0.042415  0.036586  0.043450  0.062573  0.073622  0.065931  0.063368  0.053120  0.055323  0.072715  0.088112  0.101785  0.111283  0.132847  0.189153  0.230922  0.140937  
0.011737  0.039108  0.010200  0.008109  0.026046  0.023021  0.032801  0.037379  0.036462  0.042054  0.042399  0.044752  0.042618  0.045107  0.059191  0.080107  0.101138  0.109242  0.126759  0.178723  0.228812  0.161094  
0.022509  0.048330  0.010057  0.008439  0.020993  0.021205  0.030261  0.040849  0.044260  0.052307  0.053846  0.053520  0.047554  0.049033  0.062312  0.085688  0.108688  0.116276  0.133937  0.189240  0.250676  0.177827  
0.011991  0.039640  0.012861  0.009202  0.024035  0.028863  0.039077  0.047192  0.048548  0.055896  0.056203  0.057237  0.050032  0.051046  0.063758  0.083904  0.102520  0.112017  0.132322  0.179697  0.228009  0.167934  
0.051046  0.139831  0.025215  0.015421  0.026704  0.029471  0.040810  0.050635  0.050293  0.054109  0.051903  0.050759  0.047235  0.049239  0.060454  0.085228  0.108655  0.121730  0.143392  0.193052  0.259831  0.226423  
0.016585  0.041936  0.016741  0.009354  0.024918  0.028287  0.037671  0.030602  0.023490  0.030196  0.038237  0.042263  0.039124  0.039334  0.048520  0.067649  0.086669  0.091674  0.107502  0.154854  0.199000  0.145871  
0.016858  0.055276  0.017083  0.009506  0.025076  0.027893  0.024628  0.020480  0.023247  0.032476  0.040687  0.042875  0.040844  0.043880  0.056707  0.079329  0.104896  0.114913  0.136777  0.203078  0.256673  0.184318  
0.030165  0.051123  0.009243  0.004940  0.023223  0.025165  0.019497  0.017873  0.023987  0.032057  0.034370  0.034060  0.035098  0.041427  0.059312  0.081451  0.103409  0.111274  0.131524  0.200105  0.256676  0.164028  
0.038311  0.061754  0.006861  0.004922  0.015937  0.015084  0.013199  0.014961  0.022739  0.032123  0.034895  0.034365  0.034546  0.039444  0.054981  0.074478  0.096414  0.105092  0.130459  0.211472  0.276499  0.163901  
0.051534  0.072942  0.008660  0.005266  0.013351  0.015590  0.015499  0.016628  0.022781  0.032410  0.038402  0.037997  0.038216  0.042804  0.056392  0.075667  0.097117  0.104993  0.134659  0.211611  0.277531  0.183379  
0.045466  0.090255  0.008016  0.005163  0.013771  0.017147  0.018378  0.016824  0.019778  0.027792  0.033506  0.033604  0.035141  0.039316  0.050212  0.066622  0.086776  0.095804  0.127411  0.202608  0.256465  0.170856  
0.033977  0.066665  0.009036  0.006944  0.016685  0.021444  0.023773  0.020924  0.023174  0.033961  0.041121  0.040489  0.042183  0.047318  0.061587  0.085365  0.111463  0.119495  0.147737  0.220374  0.261321  0.179375  
0.026945  0.062348  0.008489  0.005833  0.012550  0.017760  0.019325  0.018787  0.022828  0.033496  0.039193  0.038694  0.038734  0.042130  0.054748  0.072670  0.092513  0.100014  0.125739  0.186015  0.222708  0.159752  
0.035586  0.061023  0.006770  0.004575  0.011263  0.017262  0.025999  0.033147  0.036393  0.045982  0.048816  0.047534  0.044024  0.046943  0.060380  0.082460  0.101586  0.110154  0.139083  0.198082  0.235543  0.163271  
0.020696  0.051779  0.011813  0.007413  0.012082  0.015374  0.018348  0.022079  0.029836  0.042860  0.046545  0.044290  0.041280  0.044929  0.063095  0.090815  0.118219  0.124824  0.148330  0.199562  0.221328  0.152240  
0.048262  0.054001  0.013587  0.006212  0.010490  0.021343  0.020667  0.019405  0.025169  0.038486  0.045038  0.041383  0.040203  0.045005  0.060265  0.087855  0.112866  0.122353  0.151114  0.207691  0.236617  0.176577  
0.022552  0.059851  0.021360  0.006506  0.007816  0.017644  0.023684  0.033002  0.046066  0.063829  0.067713  0.061765  0.049257  0.050432  0.066660  0.085063  0.099515  0.105482  0.132053  0.188573  0.212890  0.155934  
0.057396  0.076493  0.021713  0.006568  0.006194  0.016432  0.017465  0.024480  0.040058  0.059192  0.062227  0.053289  0.040162  0.037999  0.046108  0.056097  0.066151  0.074076  0.100007  0.149407  0.180633  0.137229  
0.060335  0.074887  0.013267  0.005155  0.010314  0.024972  0.027091  0.027991  0.033406  0.045608  0.047249  0.042200  0.035708  0.035644  0.044049  0.054547  0.064250  0.070763  0.094122  0.140262  0.164205  0.113670  
0.047078  0.078286  0.008105  0.004219  0.008492  0.017642  0.025417  0.028893  0.030859  0.041302  0.042494  0.038002  0.033859  0.035159  0.043294  0.056848  0.069768  0.078803  0.103527  0.157265  0.187199  0.126395  
0.040968  0.067248  0.012074  0.005973  0.008128  0.016496  0.019252  0.022063  0.029130  0.043824  0.048307  0.042519  0.035903  0.034969  0.040957  0.052675  0.065639  0.074201  0.098615  0.149314  0.181527  0.130842  
0.032219  0.043598  0.012071  0.009142  0.011472  0.013098  0.016761  0.025554  0.037289  0.053694  0.054257  0.048276  0.038975  0.035727  0.041134  0.055035  0.069414  0.075864  0.095561  0.133065  0.160208  0.109590  
0.043726  0.037347  0.010361  0.008361  0.012237  0.018900  0.022606  0.024715  0.029024  0.043222  0.046554  0.041298  0.036325  0.035571  0.042911  0.060167  0.076699  0.081498  0.100441  0.136344  0.160869  0.107547  
0.079816  0.051517  0.015326  0.007984  0.010480  0.017990  0.019417  0.021428  0.028301  0.044470  0.050682  0.045153  0.037240  0.034165  0.039057  0.049504  0.059782  0.062988  0.081372  0.122148  0.146565  0.099013  
0.044086  0.058979  0.012334  0.007864  0.015974  0.014641  0.015693  0.019877  0.029116  0.042443  0.044404  0.040985  0.036102  0.033974  0.039256  0.052798  0.066126  0.070809  0.091250  0.133069  0.158986  0.098548  
0.073581  0.069615  0.016662  0.009503  0.015301  0.024731  0.030946  0.036397  0.042753  0.056863  0.058976  0.050692  0.041415  0.040088  0.047116  0.063636  0.079587  0.087255  0.111869  0.160584  0.180864  0.115656  
0.018952  0.049580  0.016466  0.011080  0.019058  0.019306  0.023495  0.030737  0.041903  0.057988  0.058026  0.053514  0.044256  0.039990  0.042687  0.052061  0.060885  0.064046  0.084060  0.123087  0.144803  0.095711  
0.067218  0.105201  0.016561  0.009202  0.013960  0.018530  0.032822  0.045645  0.047290  0.058076  0.056737  0.050996  0.041844  0.037648  0.038492  0.045934  0.050877  0.051298  0.068737  0.104988  0.128111  0.085319  
0.034661  0.079987  0.013763  0.008659  0.014396  0.018037  0.022125  0.028314  0.037880  0.050747  0.049845  0.044505  0.036820  0.034258  0.037573  0.046087  0.053450  0.054603  0.072187  0.108146  0.132567  0.093076  
0.073502  0.096092  0.017457  0.007517  0.011040  0.018035  0.022527  0.027727  0.035881  0.048799  0.051662  0.045107  0.036153  0.034192  0.038889  0.049715  0.058674  0.060181  0.079320  0.121628  0.147947  0.102059  
0.050820  0.088546  0.022963  0.008682  0.013826  0.025844  0.028590  0.023449  0.024900  0.036264  0.042454  0.038616  0.035372  0.034747  0.038032  0.048153  0.055843  0.055563  0.072890  0.108622  0.133746  0.104565  
0.029410  0.058373  0.019847  0.008819  0.012435  0.021469  0.030387  0.028860  0.026759  0.037446  0.045242  0.044127  0.036910  0.034178  0.036791  0.044830  0.050554  0.049125  0.063205  0.095166  0.119139  0.091866  
0.031166  0.064053  0.011250  0.007595  0.012699  0.021632  0.032831  0.039524  0.040071  0.049648  0.051295  0.046896  0.037144  0.035800  0.041269  0.053719  0.063132  0.063874  0.081670  0.118296  0.143640  0.100570  
0.038645  0.065865  0.011448  0.010439  0.015192  0.020150  0.026808  0.032986  0.036144  0.046638  0.050858  0.047320  0.037525  0.036540  0.043564  0.059451  0.075015  0.076931  0.091860  0.129954  0.159248  0.119087  
0.036528  0.050572  0.010804  0.011085  0.014208  0.017209  0.027570  0.033460  0.032967  0.043333  0.046732  0.043986  0.037584  0.036777  0.043128  0.059835  0.073741  0.073014  0.086849  0.120987  0.147012  0.105663  
0.033354  0.048106  0.011290  0.009030  0.011179  0.016886  0.021946  0.024619  0.028005  0.039572  0.044115  0.039926  0.034107  0.033699  0.039578  0.052282  0.063286  0.061534  0.075552  0.111133  0.144573  0.108602  
0.021201  0.036458  0.012658  0.012881  0.011050  0.014177  0.026431  0.035651  0.034774  0.044963  0.047174  0.043530  0.037235  0.036685  0.043499  0.061950  0.076814  0.075938  0.090433  0.118890  0.152706  0.118717  
0.026170  0.048143  0.015580  0.014292  0.014898  0.020386  0.039095  0.040419  0.028582  0.033259  0.035832  0.034922  0.032274  0.034815  0.043468  0.065036  0.083152  0.083691  0.098482  0.129989  0.161628  0.124429  
0.082114  0.059337  0.012011  0.010323  0.015028  0.020016  0.027761  0.033898  0.033266  0.039596  0.041933  0.039249  0.033844  0.036184  0.046486  0.068548  0.087690  0.090827  0.108815  0.155861  0.196074  0.122844  
0.070042  0.056517  0.012633  0.011261  0.013021  0.020641  0.027972  0.034887  0.038299  0.049690  0.052006  0.046435  0.039442  0.040324  0.048047  0.065469  0.079786  0.081579  0.100663  0.146223  0.184834  0.119838  
